3635,18,,,,,,,,,,,,,,,,,
0,8,1,0,0,0,0,0,0,0,0,0,0,0,0,0,0,0,1
0,13,15,0,0,0,0,0,0,0,0,0,0,0,0,0,0,0,2
0,33,1,0,0,0,0,0,0,0,0,0,0,0,0,0,0,0,1
0,0,0,43,0,0,0,0,0,0,0,0,0,0,0,0,0,0,3
0,0,1,0,0,0,0,0,0,0,0,0,3,0,0,0,0,0,12
0,0,0,0,0,0,0,1,0,0,0,0,0,0,0,0,0,0,7
0,0,0,0,0,0,0,8,0,0,0,0,0,0,0,0,0,0,7
0,0,0,1,0,0,0,0,0,0,0,0,0,0,0,0,9,0,16
3,0,0,0,0,0,0,0,0,0,0,0,0,0,0,0,0,0,0
0,0,11,0,0,0,0,0,0,0,0,0,0,0,0,0,0,0,2
0,0,4,0,0,0,0,0,0,0,0,0,0,0,0,0,0,0,2
1,0,0,0,0,0,0,0,0,0,0,0,0,0,0,0,0,0,0
0,0,1,0,0,0,0,0,0,0,0,0,31,0,0,0,0,0,12
0,14,0,0,0,0,0,0,0,0,0,0,0,0,0,0,0,0,1
0,4,1,0,0,0,0,0,0,0,0,0,0,0,0,0,0,0,1
0,0,9,0,0,0,0,0,0,0,0,0,0,0,0,0,0,0,2
0,0,10,0,1,0,0,0,0,0,0,0,0,0,0,0,0,0,2
0,0,0,0,0,0,0,6,0,0,0,0,0,0,0,0,0,0,7
0,0,0,0,0,0,0,6,0,0,0,0,0,0,0,0,0,0,7
0,0,6,0,0,0,0,0,0,0,0,0,0,0,0,0,0,0,2
0,0,4,0,0,0,0,0,0,0,0,0,0,0,0,0,0,0,2
0,0,26,0,0,0,0,0,0,0,0,0,0,0,0,0,0,0,2
1,0,1,7,0,0,0,0,115,0,0,0,0,0,0,0,0,0,8
0,0,0,0,0,0,0,7,0,0,0,0,0,0,0,0,0,0,7
0,0,0,0,0,0,0,1,0,0,0,0,0,0,0,0,0,0,7
0,0,0,1,0,0,0,0,1,0,0,0,0,0,0,0,0,0,8
0,0,24,0,0,0,0,0,0,0,0,0,0,0,0,0,0,0,2
0,0,8,0,0,0,0,0,0,0,0,0,20,0,0,0,0,0,2
0,14,1,0,0,0,0,0,0,0,0,0,0,0,0,0,0,0,1
1,0,1,2,0,0,0,0,9,0,0,0,0,0,0,0,0,0,8
4,1,0,0,0,0,0,0,0,0,0,0,0,0,0,0,0,0,0
0,0,10,0,0,0,0,0,0,0,0,0,0,0,0,0,0,0,2
0,2,0,0,0,0,0,0,0,0,0,0,0,0,0,0,0,0,1
0,0,7,0,0,0,0,0,0,0,0,0,0,0,0,0,0,0,2
0,0,0,34,0,0,0,0,0,0,0,0,0,0,0,0,0,0,3
0,0,9,0,0,0,0,0,0,0,0,0,0,0,0,0,0,0,2
0,6,6,0,0,0,0,0,0,0,0,0,0,0,0,0,0,0,2
0,0,1,0,0,0,0,0,0,0,0,0,0,0,0,0,0,0,1
6,0,0,0,0,0,0,0,0,0,0,0,0,0,0,0,0,0,0
0,0,5,0,0,0,0,0,0,0,0,0,0,0,0,0,0,0,2
0,17,1,0,0,0,0,0,0,0,0,0,0,0,0,0,0,0,1
0,0,2,0,0,0,0,0,0,0,0,0,0,0,0,0,0,0,2
0,0,7,0,0,0,0,0,0,0,0,0,0,0,0,0,0,0,2
0,0,0,0,0,0,0,3,0,0,0,0,0,0,0,0,0,0,7
0,33,1,0,0,0,0,0,0,0,0,0,0,0,0,0,0,0,1
0,0,0,6,0,0,0,0,24,0,0,0,0,0,0,0,0,0,8
2,0,0,0,0,0,0,0,0,0,0,0,0,0,0,0,0,0,0
0,45,2,0,0,0,0,0,0,0,0,0,0,0,0,0,0,0,1
0,0,4,0,0,0,0,0,0,0,0,0,0,0,0,0,0,0,2
0,0,13,0,0,0,0,0,0,0,0,0,0,0,0,0,0,0,2
0,0,0,0,0,0,0,5,0,0,0,0,0,0,0,0,0,0,7
0,0,3,0,0,0,0,0,0,0,0,0,0,0,0,0,0,0,2
0,9,0,0,0,0,0,0,0,0,0,0,0,0,0,0,0,0,1
2,0,0,0,0,0,0,0,0,0,0,0,0,0,0,0,0,0,0
0,0,0,1,0,0,0,0,39,0,0,0,0,0,0,0,0,0,8
0,0,0,0,0,0,0,0,0,0,0,28,0,0,0,0,0,0,11
0,0,16,0,0,0,0,0,0,0,0,0,0,0,0,0,0,0,2
0,0,9,0,0,0,0,0,0,0,0,0,1,0,0,0,0,0,2
0,4,0,0,0,0,0,0,0,0,0,0,0,0,0,0,0,0,1
0,0,1,0,0,0,0,0,0,0,0,0,11,0,0,0,0,0,12
0,27,1,0,0,0,0,0,0,0,0,0,0,0,0,0,0,0,1
0,0,25,0,0,0,0,0,0,0,0,0,0,0,0,0,0,0,2
0,0,0,0,0,0,0,4,0,0,0,0,0,0,0,0,0,0,7
0,2,67,0,0,0,0,1,0,0,0,0,0,0,0,0,0,0,2
0,0,0,0,0,0,0,4,0,0,0,0,0,0,0,0,0,0,7
0,8,1,0,0,0,0,0,0,0,0,0,0,0,0,0,0,0,1
0,0,0,3,0,0,0,0,0,0,0,0,0,0,0,0,0,0,3
27,0,0,0,0,0,0,0,0,0,0,0,0,0,0,0,0,0,0
0,41,1,0,0,0,0,0,0,0,0,0,0,0,0,0,0,0,1
0,32,0,0,0,0,0,0,0,0,0,0,0,0,0,0,0,0,1
0,0,0,1,0,0,0,0,0,0,0,0,0,0,0,0,0,0,8
0,0,0,0,0,0,0,13,0,0,0,0,0,0,0,0,0,0,7
0,0,0,102,0,0,0,0,3,0,0,0,0,0,0,0,0,0,3
0,0,1,0,0,0,0,0,0,0,0,0,47,0,0,0,0,0,12
0,0,0,1,0,0,0,0,0,0,0,0,0,0,0,0,0,0,8
0,0,14,0,0,0,0,0,0,0,0,0,0,0,0,0,0,0,2
0,0,0,4,0,0,0,0,43,0,0,0,0,0,0,0,0,0,8
0,0,0,0,0,0,0,11,0,0,0,0,0,0,0,0,0,0,7
0,4,63,0,0,0,0,0,0,0,0,0,0,0,0,0,0,0,2
0,0,0,0,0,0,0,0,0,0,0,13,0,0,0,0,0,0,11
0,0,0,0,0,0,0,2,0,0,0,0,0,0,0,0,0,0,7
0,0,0,0,0,0,0,0,0,0,0,1,0,0,0,0,0,0,11
3,0,0,0,0,0,0,0,0,0,0,0,0,0,0,0,0,0,0
0,0,7,0,0,0,0,0,0,0,0,0,0,0,0,0,0,0,2
0,0,0,0,0,0,0,0,0,0,4,0,0,0,0,0,0,0,10
0,24,1,0,0,0,0,0,0,0,0,0,0,0,0,0,0,0,1
0,0,0,0,0,0,0,8,0,0,0,0,0,0,0,0,0,0,7
0,0,3,0,0,0,0,0,0,0,0,0,0,0,0,0,0,0,2
0,0,1,0,0,0,0,0,0,0,0,0,5,0,0,0,0,0,12
13,0,0,0,0,0,0,0,0,0,0,0,0,0,0,0,0,0,0
0,0,18,0,0,0,0,0,0,0,0,0,0,0,0,0,0,0,2
0,0,0,0,0,0,0,0,0,0,0,2,0,0,0,0,0,0,11
0,45,0,0,0,0,0,0,0,0,0,0,0,0,0,0,0,0,1
0,29,1,0,0,0,0,1,0,0,0,0,0,0,0,0,0,0,1
0,0,0,0,0,0,0,0,0,0,0,22,0,0,0,0,0,0,11
0,0,1,0,0,0,0,0,0,0,0,0,34,0,0,0,0,0,12
0,0,0,0,0,0,0,0,0,0,0,1,0,0,0,0,0,0,7
4,0,0,0,0,0,0,0,0,0,0,0,0,0,0,0,0,0,0
0,0,0,0,0,0,0,27,0,0,0,0,0,0,0,0,0,0,7
0,0,0,0,0,0,0,10,0,0,0,0,0,0,0,0,0,0,7
3,0,0,0,0,0,0,0,0,0,0,0,0,0,0,0,0,0,0
0,16,0,0,0,0,0,0,0,0,0,0,0,0,0,0,0,0,1
0,0,0,0,0,0,0,5,0,0,0,0,0,0,0,0,0,0,7
1,0,0,1,0,0,0,0,22,0,0,0,0,0,0,0,0,0,8
0,0,9,0,0,0,0,0,0,0,0,0,0,0,0,0,0,0,2
0,0,0,0,0,0,0,1,0,0,0,0,0,0,0,0,0,0,7
0,0,0,0,0,0,0,7,0,0,0,0,0,0,0,0,0,0,7
0,0,30,0,0,0,0,0,0,0,0,0,0,0,0,0,0,0,2
0,0,0,150,0,0,0,0,0,0,0,0,0,0,0,0,0,0,3
0,0,0,0,0,0,0,0,0,0,0,1,0,0,0,0,0,0,11
0,7,0,0,0,0,0,0,0,0,0,0,0,0,0,0,0,0,1
0,0,0,0,0,0,0,10,0,0,0,0,0,0,0,0,0,0,7
0,0,0,0,0,0,0,0,0,0,6,0,0,0,0,0,0,0,10
0,0,0,0,0,0,0,9,0,0,0,0,0,0,0,0,0,0,7
0,0,0,0,0,0,0,0,0,0,4,0,0,0,0,0,0,0,10
25,0,0,0,0,0,0,0,0,0,0,0,0,0,0,0,0,0,0
0,0,10,0,0,0,0,0,0,0,0,0,0,0,0,0,0,0,2
6,0,0,0,0,0,0,0,0,0,0,0,0,0,0,0,0,0,0
0,0,3,0,0,0,0,0,0,0,0,0,0,0,0,0,0,0,2
0,0,0,0,0,0,0,5,0,0,0,0,0,0,0,0,0,0,7
0,0,6,0,0,0,0,0,0,0,0,0,0,0,0,0,0,0,2
0,0,1,0,0,0,0,0,0,0,0,0,29,0,0,0,0,0,12
0,0,0,0,0,0,0,1,0,0,0,0,0,0,0,0,0,0,7
0,0,8,0,0,0,0,0,0,0,0,0,0,0,0,0,0,0,2
0,0,0,0,0,0,0,17,0,0,0,0,0,0,0,0,0,0,7
0,0,15,0,0,0,0,0,0,0,0,0,0,0,0,0,0,0,2
4,0,0,0,0,0,0,0,0,0,0,0,0,0,0,0,0,0,0
0,0,0,0,0,0,0,11,0,0,0,0,0,0,0,0,0,0,7
0,15,1,0,0,0,0,0,0,0,0,0,0,0,0,0,0,0,1
0,0,1,0,0,0,0,0,0,0,0,0,0,0,0,0,0,0,2
1,5,0,0,0,0,0,0,0,0,0,0,0,0,0,0,0,0,1
0,0,0,0,0,0,0,2,0,0,0,0,0,0,0,0,0,0,7
0,0,0,0,0,0,0,0,0,0,1,0,0,0,0,0,0,0,10
0,0,0,0,0,0,0,14,0,0,0,0,0,0,0,0,0,0,7
0,0,53,0,0,0,0,0,0,0,0,0,0,0,0,0,0,0,2
0,0,43,0,0,0,0,0,0,0,0,0,0,0,0,0,0,0,2
0,14,2,0,0,0,0,0,0,0,0,0,0,0,0,0,0,0,1
0,0,0,23,0,0,0,0,0,0,0,0,0,0,0,0,0,0,3
0,0,0,0,0,0,0,0,0,0,0,2,0,0,0,0,0,0,11
0,0,0,32,0,0,0,0,1,0,0,0,0,0,0,0,0,0,3
0,0,0,0,0,0,0,13,0,0,0,0,0,0,0,0,0,0,7
0,0,1,0,0,0,0,0,0,0,0,0,15,0,0,0,0,0,12
0,0,0,1,0,0,0,0,1,0,0,0,0,0,0,0,0,0,8
0,0,0,0,0,0,0,15,0,0,0,0,0,0,0,0,0,0,7
0,19,1,0,0,0,0,0,0,0,0,0,0,0,0,0,0,0,1
0,0,62,0,0,0,0,0,0,0,0,0,0,0,0,0,0,0,2
0,1,0,0,0,0,0,0,0,22,0,0,0,0,0,0,0,0,9
0,0,0,0,0,0,0,33,0,0,0,0,0,0,0,0,0,0,7
0,3,1,0,0,0,0,0,0,0,0,0,0,0,0,0,0,0,1
0,0,0,0,0,0,0,1,0,0,0,0,0,0,0,0,0,0,7
0,5,1,0,0,0,0,0,0,0,0,0,0,0,0,0,0,0,1
0,0,0,55,0,0,0,0,0,0,0,0,0,0,0,0,0,0,3
0,6,1,0,0,0,0,0,0,0,0,0,0,0,0,0,0,0,1
0,0,0,0,0,0,0,16,0,0,0,0,0,0,0,0,0,0,7
0,0,1,0,0,0,0,0,0,0,0,0,0,0,0,0,0,0,2
0,0,0,0,0,0,0,2,0,0,0,0,0,0,0,0,0,0,7
0,0,14,0,0,0,0,0,0,0,0,0,0,0,0,0,0,0,2
0,1,0,0,0,0,0,0,0,0,0,0,0,0,0,0,0,0,1
0,0,0,0,0,0,0,2,0,0,0,0,0,0,0,0,0,0,7
0,29,0,0,0,0,0,0,0,0,0,0,0,0,0,0,0,0,1
0,0,0,1,0,0,0,0,5,0,0,0,0,0,0,0,0,0,8
0,0,0,179,0,0,0,0,2,0,0,0,0,0,0,0,0,0,3
0,0,6,0,0,0,0,0,0,0,0,0,0,0,0,0,0,0,2
0,0,1,0,0,0,0,0,0,0,0,0,6,0,0,0,0,0,12
0,0,83,0,0,0,0,0,0,0,0,0,0,0,0,0,0,0,2
0,4,1,0,0,0,0,0,0,0,0,0,0,0,0,0,0,0,1
0,1,0,0,0,0,0,0,0,0,0,0,0,0,0,0,0,0,1
14,0,0,0,0,0,0,0,0,0,0,0,0,0,0,0,0,0,0
0,0,0,0,0,0,0,2,0,0,0,0,0,0,0,0,0,0,7
0,0,1,0,0,0,0,0,0,0,0,0,0,0,0,0,0,0,14
0,0,10,0,0,0,0,0,0,0,0,0,0,0,0,0,0,0,2
9,0,0,0,0,0,0,0,0,0,0,0,0,0,0,0,0,0,0
0,0,78,0,0,0,0,0,0,0,0,0,0,0,0,0,0,0,2
5,0,0,0,0,0,0,0,0,0,0,0,0,0,0,0,0,0,0
0,0,0,67,0,0,0,0,0,0,0,0,0,0,0,0,0,0,3
0,15,2,0,0,0,0,0,0,0,0,0,0,0,0,0,0,0,1
1,0,0,1,0,0,0,0,34,0,0,0,0,0,0,0,0,0,8
0,0,0,0,0,0,0,19,0,0,0,0,0,0,0,0,0,0,7
0,0,1,0,0,0,0,0,0,0,0,0,34,0,0,0,0,0,12
0,0,0,0,0,0,0,0,0,0,2,0,0,0,0,0,0,0,10
0,11,0,0,0,0,0,0,0,0,0,0,0,0,0,0,0,0,1
0,0,1,2,0,0,0,0,4,0,0,0,0,0,0,0,0,0,8
0,0,1,0,0,0,0,0,0,0,0,0,0,7,0,0,0,0,13
0,52,1,0,0,0,0,0,0,0,0,0,0,0,0,0,0,0,1
6,0,0,0,0,0,0,0,0,0,0,0,0,0,0,0,0,0,0
1,0,0,1,0,0,0,0,14,0,0,0,0,0,0,0,0,0,8
0,0,0,91,0,0,0,0,0,0,0,0,0,0,0,0,0,0,3
4,1,0,0,0,0,0,0,0,0,0,0,0,0,0,0,0,0,0
0,0,6,0,0,0,0,0,0,0,0,0,0,0,0,0,0,0,2
1,0,1,3,0,0,0,0,43,0,0,0,0,0,0,0,0,0,8
0,0,56,0,0,0,0,0,0,0,0,0,0,0,0,0,0,0,2
0,0,1,0,0,0,0,0,0,0,0,0,39,0,0,0,0,0,12
0,1,33,0,0,0,0,1,0,0,0,0,0,0,0,0,0,0,2
0,0,0,0,0,0,0,29,0,0,0,0,0,0,0,0,0,0,7
0,0,7,0,0,0,0,0,0,0,0,0,0,0,0,0,0,0,2
0,0,1,0,0,0,0,0,0,0,0,0,0,0,5,0,0,0,14
0,0,1,0,0,0,0,0,0,0,0,0,0,0,0,0,0,0,5
1,0,0,1,0,0,0,0,33,0,0,0,0,0,0,0,0,0,8
0,0,6,0,0,0,0,0,0,0,0,0,0,0,0,0,0,0,2
0,32,0,0,0,0,0,0,0,0,0,0,0,0,0,0,0,0,1
0,23,1,0,0,0,0,0,0,0,0,0,0,0,0,0,0,0,1
0,0,0,0,0,0,0,0,0,0,0,6,0,0,0,0,0,0,11
7,0,0,0,0,0,0,0,0,0,0,0,0,0,0,0,0,0,0
0,0,23,0,0,0,0,0,0,0,0,0,0,0,0,0,0,0,2
0,0,15,0,0,0,0,0,0,0,0,0,0,0,0,0,0,0,2
0,0,63,0,0,0,0,0,0,0,0,0,0,0,0,0,0,0,2
0,0,0,0,0,0,0,6,0,0,0,0,0,0,0,0,0,0,7
0,0,0,1,0,0,0,0,6,0,0,0,0,0,0,0,0,0,8
1,0,0,1,0,0,0,0,36,0,0,0,0,0,0,0,0,0,8
0,2,0,0,0,0,0,0,0,0,0,0,0,0,0,0,0,0,1
0,35,0,0,0,0,0,0,0,0,0,0,0,0,0,0,0,0,1
0,0,0,20,0,0,0,0,0,0,0,0,0,0,0,0,0,0,3
0,0,0,0,0,0,0,4,0,0,0,0,0,0,0,0,0,0,7
0,0,0,1,0,0,0,0,1,0,0,0,0,0,0,0,0,0,8
0,24,0,0,0,0,0,0,0,0,0,0,0,0,0,0,0,0,1
0,0,23,0,0,0,0,0,0,0,0,0,0,0,0,0,0,0,2
0,26,0,0,0,0,0,0,0,0,0,0,0,0,0,0,0,0,1
0,0,51,0,0,0,0,0,0,0,0,0,0,0,0,0,0,0,2
0,0,14,0,0,0,0,0,0,0,0,0,0,0,0,0,0,0,2
22,0,0,0,0,0,0,0,0,0,0,0,0,0,0,0,0,0,0
0,12,0,0,0,0,0,0,0,0,0,0,0,0,0,0,0,0,1
0,0,22,0,0,0,0,0,0,0,0,0,0,0,0,0,0,0,2
0,0,1,0,0,0,0,0,0,0,0,0,12,0,0,0,0,0,12
0,0,0,0,0,0,0,0,0,0,0,12,0,0,0,0,0,0,11
0,0,3,0,1,0,0,0,0,0,0,0,0,0,0,0,0,0,2
0,32,0,0,0,0,0,1,0,0,0,0,0,0,0,0,0,0,1
9,0,0,0,0,0,0,0,0,0,0,0,0,0,0,0,0,0,0
0,0,0,0,0,0,0,1,0,0,0,0,0,0,0,0,0,0,7
0,0,0,0,0,0,0,0,0,0,9,0,0,0,0,0,0,0,10
0,5,0,0,0,0,0,0,0,0,0,0,0,0,0,0,0,0,1
0,0,3,0,0,0,0,0,0,0,0,0,0,0,0,0,0,0,2
12,0,0,0,0,0,0,0,0,0,0,0,0,0,0,0,0,0,0
0,1,0,0,0,0,0,0,0,17,0,0,0,0,0,0,0,0,9
0,20,2,0,0,0,0,0,0,0,0,0,0,0,0,0,0,0,1
0,0,0,0,0,0,0,12,0,0,0,0,0,0,0,0,0,0,7
0,0,5,0,0,0,0,0,0,0,0,0,0,0,0,0,0,0,2
0,0,0,2,0,0,0,0,4,0,0,0,0,0,0,0,0,0,8
0,0,1,0,0,0,0,0,0,0,0,0,7,0,0,0,0,0,12
0,0,0,1,0,0,0,0,1,0,0,0,0,0,0,0,0,0,8
0,0,1,0,0,0,0,0,0,0,0,0,0,0,2,0,0,0,14
0,37,1,0,0,0,0,0,0,0,0,0,0,0,0,0,0,0,1
0,0,2,0,0,0,0,0,0,0,0,0,0,0,0,0,0,0,2
0,0,0,0,0,0,0,1,0,0,0,3,0,0,0,0,0,0,11
0,49,2,0,0,0,0,0,0,0,0,0,0,0,0,0,0,0,1
0,0,0,0,0,0,0,26,0,0,0,0,0,0,0,0,0,0,7
0,0,11,0,0,0,0,0,0,0,0,0,0,0,0,0,0,0,2
0,0,46,0,0,0,0,0,0,0,0,0,0,0,0,0,0,0,2
0,0,0,0,0,0,0,0,0,0,0,6,0,0,0,0,0,0,11
0,0,0,102,0,0,0,0,0,0,0,0,0,0,0,0,0,0,3
0,2,0,0,0,0,0,0,0,0,0,0,0,0,0,0,0,0,1
0,0,0,0,0,0,0,0,0,0,1,0,0,0,0,0,0,0,10
0,0,0,0,0,0,0,0,0,0,0,8,0,0,0,0,0,0,11
0,5,0,0,0,0,0,1,0,0,0,0,0,0,0,0,0,0,1
0,0,1,0,0,0,0,0,0,0,0,0,78,0,0,0,0,0,12
0,0,0,0,0,0,0,1,0,0,0,0,0,0,0,0,0,0,7
0,0,0,0,0,0,0,1,0,0,0,0,0,0,0,0,0,0,7
0,0,0,0,0,0,0,0,0,0,14,0,0,0,0,0,0,0,10
0,7,1,0,0,0,0,0,0,0,0,0,0,0,0,0,0,0,1
0,0,2,0,0,0,0,0,0,0,0,0,0,0,0,0,0,0,2
0,0,0,1,0,0,0,0,0,0,0,0,0,0,0,0,0,0,8
0,0,0,0,0,0,0,0,0,0,0,3,0,0,0,0,0,0,11
0,0,0,51,0,0,0,0,0,0,0,0,0,0,0,0,0,0,3
1,0,1,4,0,0,0,0,79,0,0,0,0,0,0,0,0,0,8
0,0,2,0,0,0,0,0,0,0,0,0,0,0,0,0,0,0,2
0,0,0,0,0,0,0,0,0,0,0,4,0,0,0,0,0,0,11
0,0,0,71,0,0,0,0,0,0,0,0,0,0,0,0,0,0,3
0,0,54,0,0,0,0,0,0,0,0,0,0,0,0,0,0,0,2
0,0,0,27,0,0,0,0,0,0,0,0,0,0,0,0,0,0,3
8,0,0,0,0,0,0,0,0,0,0,0,0,0,0,0,0,0,0
0,0,2,0,0,0,0,0,0,0,0,0,0,0,0,0,0,0,2
0,0,0,30,0,0,0,0,0,0,0,0,0,0,0,0,0,0,3
0,0,0,66,0,0,0,0,0,0,0,0,0,0,0,0,0,0,3
1,0,0,0,0,0,0,0,0,0,0,0,0,0,0,0,0,0,0
0,0,1,1,0,0,0,0,25,0,0,0,0,0,0,0,0,0,8
14,0,0,0,0,0,0,0,0,0,0,0,0,0,0,0,0,0,0
2,0,0,0,0,0,0,0,0,0,0,0,0,0,0,0,0,0,0
0,0,80,0,0,0,0,0,0,0,0,0,0,0,0,0,0,0,2
0,0,0,0,0,0,0,0,0,0,0,7,0,0,0,0,0,0,11
0,0,0,80,0,0,0,0,3,0,0,0,0,0,0,0,0,0,3
0,0,0,1,0,0,0,0,20,0,0,0,0,0,0,0,0,0,8
0,0,0,82,0,0,0,0,0,0,0,0,0,0,0,0,0,0,3
0,0,0,0,0,0,0,16,0,0,0,0,0,0,0,0,0,0,7
0,8,81,0,0,0,0,0,0,0,0,0,0,0,0,0,0,0,2
0,0,16,0,0,0,0,0,0,0,0,0,0,0,0,0,0,0,2
0,0,0,0,0,0,0,1,0,0,0,0,0,0,0,0,0,0,7
0,0,4,0,0,0,0,0,0,0,0,0,0,0,0,0,0,0,2
0,0,0,0,0,0,0,14,0,0,0,0,0,0,0,0,0,0,7
0,5,1,0,0,0,0,0,0,0,0,0,0,0,0,0,0,0,1
0,0,14,0,0,0,0,1,0,0,0,0,0,0,0,0,0,0,2
0,0,0,1,0,0,0,0,0,0,0,0,0,0,0,0,0,0,3
0,0,0,0,0,0,0,9,0,0,0,0,0,0,0,0,0,0,7
0,0,0,0,0,0,0,0,0,0,0,2,0,0,0,0,0,0,11
0,14,1,0,0,0,0,0,0,0,0,0,0,0,0,0,0,0,1
0,0,0,0,0,0,0,16,0,0,0,0,0,0,0,0,0,0,7
0,0,0,0,0,0,0,37,0,0,0,0,0,0,0,0,0,0,7
0,8,0,0,0,0,0,0,0,0,0,0,0,0,0,0,0,0,1
0,0,1,0,29,0,0,0,0,0,0,0,0,0,0,0,0,0,4
0,0,0,130,0,0,0,0,1,0,0,0,0,0,0,0,0,0,3
1,0,0,4,0,0,0,0,73,0,0,0,0,0,0,0,0,0,8
0,0,0,0,0,0,0,4,0,0,0,0,0,0,0,0,0,0,7
0,0,105,0,0,0,0,0,0,0,0,0,0,0,0,0,0,0,2
0,0,2,0,0,0,0,0,0,0,0,0,0,0,0,0,0,0,2
0,4,1,0,0,0,0,0,0,0,0,0,0,0,0,0,0,0,1
0,26,2,0,0,0,0,0,0,0,0,0,0,0,0,0,0,0,1
0,15,2,0,0,0,0,0,0,0,0,0,0,0,0,0,0,0,1
0,0,0,1,0,0,0,0,5,0,0,0,0,0,0,0,0,0,8
0,0,0,27,0,0,0,0,0,0,0,0,0,0,0,0,0,0,3
1,0,1,0,0,0,0,0,0,0,0,0,0,0,0,0,0,0,2
0,0,1,0,0,0,0,0,0,0,0,0,12,0,0,0,0,0,12
0,0,1,0,0,0,0,0,0,0,0,0,0,0,0,0,0,0,2
0,0,1,0,0,0,0,0,0,0,0,0,0,0,0,0,0,0,2
0,0,26,0,0,0,0,0,0,0,0,0,0,0,0,0,0,0,2
0,0,1,0,0,0,0,0,0,0,0,0,0,0,0,0,0,0,2
1,0,1,4,0,0,0,0,43,0,0,0,0,0,0,0,0,0,8
0,0,9,0,0,0,0,0,0,0,0,0,0,0,0,0,0,0,2
0,0,0,0,0,0,0,2,0,0,0,0,0,0,0,0,0,0,7
0,0,4,0,0,0,0,0,0,0,0,0,0,0,0,0,0,0,2
0,0,0,0,0,0,0,0,0,0,0,25,0,0,0,0,0,0,11
0,0,0,0,0,0,0,0,0,0,19,0,0,0,0,0,0,0,10
0,0,120,0,0,0,0,0,0,0,0,0,0,0,0,0,0,0,2
0,0,36,0,0,0,0,0,0,0,0,0,0,0,0,0,0,0,2
0,0,100,0,0,0,0,0,0,0,0,0,0,0,0,0,0,0,2
0,0,97,0,0,0,0,0,0,0,0,0,0,0,0,0,0,0,2
2,0,0,0,0,0,0,0,0,0,0,0,0,0,0,0,0,0,0
0,0,24,0,0,0,0,0,0,0,0,0,0,0,0,0,0,0,2
0,0,0,0,0,0,0,7,0,0,0,0,0,0,0,0,0,0,7
1,0,0,0,0,0,0,0,0,0,0,0,0,0,0,0,0,0,0
0,0,0,3,0,0,0,0,62,0,0,0,0,0,0,0,0,0,8
0,0,38,0,0,0,0,0,0,0,0,0,0,0,0,0,0,0,2
0,0,0,1,0,0,0,0,0,0,0,0,0,0,0,0,0,0,8
0,0,1,0,0,0,0,0,0,0,0,0,5,0,0,0,0,0,12
0,0,0,0,0,0,0,0,0,0,0,1,0,0,0,0,0,0,11
0,0,1,0,0,0,0,0,0,0,0,0,18,0,0,0,0,0,12
0,0,0,0,0,0,0,2,0,0,0,0,0,0,0,0,0,0,7
0,12,0,0,0,0,0,0,0,0,0,0,0,0,0,0,0,0,1
0,0,30,0,0,0,0,0,0,0,0,0,0,0,0,0,0,0,2
0,0,28,0,0,0,0,1,0,0,0,0,0,0,0,0,0,0,2
0,0,0,78,0,0,0,0,0,0,0,0,0,0,0,0,0,0,3
0,1,1,0,0,0,0,0,0,0,0,0,0,0,0,0,0,0,1
0,7,0,0,0,0,0,0,0,0,0,0,0,0,0,0,0,0,1
0,44,1,0,0,0,0,0,0,0,0,0,0,0,0,0,0,0,1
0,0,1,0,0,0,0,0,0,0,0,0,0,0,0,0,0,0,2
0,0,0,0,0,0,0,2,0,0,0,0,0,0,0,0,0,0,7
0,0,0,0,0,0,0,13,0,0,0,0,0,0,0,0,0,0,7
8,1,0,0,0,0,0,0,0,0,0,0,0,0,0,0,0,0,0
0,0,24,0,0,0,0,0,0,0,0,0,0,0,0,0,0,0,2
0,15,12,0,0,0,0,0,0,0,0,0,0,0,0,0,0,0,2
0,0,20,0,0,0,0,0,0,0,0,0,0,0,0,0,0,0,2
0,0,7,0,0,0,0,0,0,0,0,0,0,0,0,0,0,0,2
0,0,0,1,0,0,0,0,3,0,0,0,0,0,0,0,0,0,8
0,0,0,0,0,0,0,11,0,0,0,0,0,0,0,0,0,0,7
0,0,0,10,0,0,0,0,0,0,0,0,0,0,0,0,0,0,3
0,0,0,0,0,0,0,0,0,0,0,16,0,0,0,0,0,0,11
0,0,0,1,0,0,0,0,5,0,0,0,0,0,0,0,0,0,8
0,2,0,0,0,0,0,0,0,0,0,0,0,0,0,0,0,0,1
0,0,0,0,0,0,0,12,0,0,0,0,0,0,0,0,0,0,7
0,0,0,0,0,0,0,3,0,0,0,0,0,0,0,0,0,0,7
0,0,0,115,0,0,0,0,0,0,0,0,0,0,0,0,0,0,3
1,0,0,0,0,0,0,0,0,0,0,0,0,0,0,0,0,0,0
0,0,14,0,0,0,0,1,0,0,0,0,0,0,0,0,0,0,2
0,0,8,0,0,0,0,1,0,0,0,0,0,0,0,0,0,0,2
0,0,0,0,0,0,0,0,0,0,0,39,0,0,0,0,0,0,11
0,0,0,1,0,0,0,0,25,0,0,0,0,0,0,0,0,0,8
0,0,0,2,0,0,0,0,44,0,0,0,0,0,0,0,0,0,8
0,1,1,0,0,0,0,0,0,0,0,0,0,0,0,0,0,0,1
6,0,0,0,0,0,0,0,0,0,0,0,0,0,0,0,0,0,0
0,0,9,0,0,0,0,0,0,0,0,0,0,0,0,0,0,0,2
0,0,17,0,0,0,0,0,0,0,0,0,0,0,0,0,0,0,2
0,0,1,0,0,0,0,0,0,0,0,0,36,0,0,0,0,0,12
0,0,6,0,0,0,0,0,0,0,0,0,0,0,0,0,0,0,2
0,41,7,0,0,0,0,0,0,0,0,0,0,0,0,0,0,0,1
0,0,0,1,0,0,0,0,7,0,0,0,0,0,0,0,0,0,8
0,0,1,0,0,0,0,0,0,0,0,0,0,0,0,0,0,0,2
0,0,0,0,0,0,0,0,0,0,0,22,0,0,0,0,0,0,11
0,0,37,0,0,0,0,0,0,0,0,0,0,0,0,0,0,0,2
0,0,31,0,0,0,0,0,0,0,0,0,0,0,0,0,0,0,2
0,0,9,0,0,0,0,0,0,0,0,0,0,0,0,0,0,0,2
0,2,2,0,0,0,0,0,0,0,0,0,0,0,0,0,0,0,1
0,0,1,0,15,0,0,0,0,0,0,0,0,0,0,0,0,0,4
0,0,0,0,0,0,0,0,0,0,2,0,0,0,0,0,0,0,10
0,0,0,7,0,0,0,0,89,0,0,0,0,0,0,0,0,0,8
0,3,1,0,0,0,0,0,0,0,0,0,0,0,0,0,0,0,1
0,0,0,0,0,0,0,0,0,0,0,9,0,0,0,0,0,0,11
24,0,0,0,0,0,0,0,0,0,0,0,0,0,0,0,0,0,0
0,0,0,0,0,0,0,4,0,0,0,0,0,0,0,0,0,0,7
0,0,0,1,0,0,0,0,28,0,0,0,0,0,0,0,0,0,8
0,0,0,53,0,0,0,0,0,0,0,0,0,0,0,0,0,0,3
0,0,69,0,0,0,0,0,0,0,0,0,0,0,0,0,0,0,2
0,55,0,0,0,0,0,0,0,0,0,0,0,0,0,0,0,0,1
1,0,0,0,0,0,0,0,0,0,0,0,0,0,0,0,0,0,0
0,58,2,0,1,0,0,0,0,0,0,0,0,0,0,0,0,0,1
0,15,0,0,0,0,0,0,0,0,0,0,0,0,0,0,0,0,1
0,0,6,0,0,0,0,0,0,0,0,0,0,0,0,0,0,0,2
0,0,0,1,0,0,0,0,2,0,0,0,0,0,0,0,0,0,8
0,0,0,1,0,0,0,0,1,0,0,0,0,0,0,0,0,0,8
0,9,0,0,0,0,0,0,0,0,0,0,0,0,0,0,0,0,1
0,0,0,0,0,0,0,8,0,0,0,0,0,0,0,0,0,0,7
0,0,3,0,0,0,0,0,0,0,0,0,0,0,0,0,0,0,2
0,0,1,0,0,0,0,0,0,0,0,0,1,0,0,0,0,0,12
0,0,8,0,0,0,0,0,1,0,0,0,0,0,0,0,0,0,8
0,0,0,1,0,0,0,0,0,0,0,0,0,0,0,0,0,1,17
0,0,0,1,0,0,0,0,7,0,0,0,0,0,0,0,0,0,8
50,0,0,0,0,0,0,0,0,0,0,0,0,0,0,0,0,0,0
4,0,0,0,0,0,0,0,0,0,0,0,0,0,0,0,0,0,0
0,0,0,1,0,0,0,0,1,0,0,0,0,0,0,0,0,0,8
0,0,2,0,0,0,0,0,0,0,0,0,0,0,0,0,0,0,2
0,0,22,0,0,0,0,0,0,0,0,0,0,0,0,0,0,0,2
0,0,11,0,0,0,0,0,0,0,0,0,0,0,0,0,0,0,2
0,2,0,0,0,0,0,0,0,0,0,0,0,0,0,0,0,0,1
0,0,14,0,0,0,0,0,0,0,0,0,0,0,0,0,0,0,2
0,0,31,0,0,0,0,0,0,0,0,0,0,0,0,0,0,0,2
0,0,0,0,0,0,0,0,0,0,6,0,0,0,0,0,0,0,10
0,0,57,0,0,0,0,0,0,0,0,0,0,0,0,0,0,0,2
0,6,1,0,0,0,0,0,0,0,0,0,0,0,0,0,0,0,1
0,0,23,0,0,0,0,0,0,0,0,0,0,0,0,0,0,0,2
0,0,0,11,0,0,0,0,0,0,0,0,0,0,0,0,0,0,3
0,0,0,1,0,0,0,0,13,0,0,0,0,0,0,0,0,0,8
0,20,2,0,0,0,0,0,0,0,0,0,0,0,0,0,0,0,1
20,0,0,0,0,0,0,0,0,0,0,0,0,0,0,0,0,0,0
0,17,1,0,0,0,0,0,0,0,0,0,0,0,0,0,0,0,1
0,0,2,0,0,0,0,0,0,0,0,0,0,0,0,0,0,0,2
0,32,5,0,0,0,0,0,0,0,0,0,0,0,0,0,0,0,1
0,0,0,0,0,0,0,12,0,0,0,0,0,0,0,0,0,0,7
0,0,0,1,0,0,0,0,5,0,0,0,0,0,0,0,0,0,8
0,0,5,0,0,0,0,0,0,0,0,0,0,0,0,0,0,0,2
0,0,3,0,0,0,0,0,0,0,0,0,0,0,0,0,0,0,2
0,0,2,0,0,0,0,0,0,0,0,0,7,0,0,0,0,0,12
0,0,2,0,0,0,0,0,0,0,0,0,90,0,0,0,0,0,12
2,0,0,0,0,0,0,0,0,0,0,0,0,0,0,0,0,0,0
0,24,4,0,0,0,0,0,0,0,0,0,0,0,0,0,0,0,1
0,0,1,0,0,0,0,0,0,0,0,0,18,0,0,0,0,0,12
0,0,14,0,0,0,0,0,0,0,0,0,0,0,0,0,0,0,2
7,0,0,0,0,0,0,0,0,0,0,0,0,0,0,0,0,0,0
1,0,1,2,0,0,0,0,12,0,0,0,0,0,0,0,0,0,8
0,0,0,175,0,0,0,0,0,0,0,0,0,0,0,0,0,0,3
1,0,1,6,0,0,0,0,66,0,0,0,0,0,0,0,0,0,8
0,0,0,0,0,0,0,0,0,0,0,26,0,0,0,0,0,0,11
0,0,4,0,0,0,0,0,0,0,0,0,0,0,0,0,0,0,2
0,0,35,0,0,0,0,0,0,0,0,0,0,0,0,0,0,0,2
0,0,9,0,0,0,0,0,0,0,0,0,0,0,0,0,0,0,2
0,0,20,0,0,0,0,0,0,0,0,0,0,0,0,0,0,0,2
0,0,0,1,0,0,0,0,7,0,0,0,0,0,0,0,0,0,8
0,0,0,0,0,0,0,4,0,0,0,0,0,0,0,0,0,0,7
4,0,0,0,0,0,0,0,0,0,0,0,0,0,0,0,0,0,0
0,2,2,0,0,0,0,0,0,0,0,0,0,0,0,0,0,0,1
7,0,0,0,0,0,0,0,0,0,0,0,0,0,0,0,0,0,0
0,0,0,0,0,0,0,0,0,0,0,3,0,0,0,0,0,0,11
0,0,14,0,0,0,0,0,0,0,0,0,0,0,0,0,0,0,2
0,3,2,0,4,0,0,0,0,0,0,0,0,0,0,0,0,0,1
0,0,0,1,0,0,0,0,3,0,0,0,0,0,0,0,0,0,8
0,0,0,0,0,0,0,3,0,0,0,0,0,0,0,0,0,0,7
0,0,19,0,0,0,0,0,0,0,0,0,0,0,0,0,0,0,2
0,0,0,0,0,0,0,10,0,0,0,0,0,0,0,0,0,0,7
0,0,0,0,0,0,0,11,0,0,0,0,0,0,0,0,0,0,7
0,0,0,1,0,0,0,0,0,0,0,0,0,0,0,0,0,0,3
0,0,104,0,0,0,0,0,0,0,0,0,0,0,0,0,0,0,2
0,0,0,0,0,0,0,0,0,0,4,0,0,0,0,0,0,0,10
0,31,11,0,0,0,0,0,0,0,0,0,0,0,0,0,0,0,1
0,0,0,0,0,0,0,47,0,0,0,0,0,0,0,0,0,0,7
0,0,0,116,0,0,0,0,0,0,0,0,0,0,0,0,0,0,3
0,0,0,0,0,0,0,6,0,0,0,0,0,0,0,0,0,0,7
0,0,0,0,0,0,0,0,0,0,2,0,0,0,0,0,0,0,10
0,0,2,0,0,0,0,0,0,0,0,0,0,0,0,0,0,0,2
0,0,0,1,0,0,0,0,0,0,0,0,0,0,0,0,0,0,8
0,30,1,0,0,0,0,0,0,0,0,0,0,0,0,0,0,0,1
0,0,0,0,0,0,0,5,0,0,0,0,0,0,0,0,0,0,7
0,0,2,0,0,0,0,0,0,0,0,0,0,0,0,0,0,0,2
7,0,0,0,0,0,0,0,0,0,0,0,0,0,0,0,0,0,0
0,0,0,10,0,0,0,0,0,0,0,0,0,0,0,0,0,0,3
0,61,2,0,0,0,0,0,0,0,0,0,0,0,0,0,0,0,1
0,1,21,0,0,0,0,1,0,0,0,0,0,0,0,0,0,0,2
0,2,1,0,8,0,0,0,0,0,0,0,0,0,0,0,0,0,4
0,0,1,0,0,0,0,0,0,0,0,0,13,0,0,0,0,0,12
0,0,37,0,0,0,0,0,0,0,0,0,0,0,0,0,0,0,2
3,0,0,0,0,0,0,0,0,0,0,0,0,0,0,0,0,0,0
0,0,0,1,0,0,0,0,20,0,0,0,0,0,0,0,0,0,8
0,0,0,0,0,0,0,5,0,0,0,0,0,0,0,0,0,0,7
0,0,9,0,0,0,0,0,0,0,0,0,0,0,0,0,0,0,2
0,7,1,0,0,0,0,0,0,0,0,0,0,0,0,0,0,0,1
0,0,0,101,0,0,0,0,0,0,0,0,0,0,0,0,0,0,3
0,0,0,1,0,0,0,0,7,0,0,0,0,0,0,0,0,0,8
0,2,19,0,0,0,0,0,0,0,0,0,0,0,0,0,0,0,2
0,0,32,0,0,0,0,0,0,0,0,0,0,0,0,0,0,0,2
0,0,2,0,0,0,0,0,0,0,0,0,0,0,0,0,0,0,1
0,0,0,0,0,0,0,1,0,0,0,0,0,0,0,0,0,0,7
0,0,1,0,0,0,0,0,0,0,0,0,0,0,0,0,0,0,2
0,0,40,0,0,0,0,0,0,0,0,0,0,0,0,0,0,0,2
0,0,85,0,0,0,0,0,0,0,0,0,0,0,0,0,0,0,2
0,13,1,0,0,0,0,0,0,0,0,0,0,0,0,0,0,0,1
0,0,21,0,0,0,0,0,0,0,0,0,0,0,0,0,0,0,2
0,0,0,0,0,0,0,0,0,0,0,6,0,0,0,0,0,0,11
0,58,4,0,0,0,0,0,0,0,0,0,0,0,0,0,0,0,1
0,0,16,0,0,0,0,0,0,0,0,0,0,0,0,0,0,0,2
0,0,0,0,0,0,0,18,0,0,0,0,0,0,0,0,0,0,7
0,0,0,181,0,0,0,0,1,0,0,0,0,0,0,0,0,0,3
0,0,1,0,0,0,0,0,0,0,0,0,24,0,0,0,0,0,12
0,0,0,1,0,0,0,0,6,0,0,0,0,0,0,0,0,0,8
0,0,17,0,0,0,0,0,0,0,0,0,0,0,0,0,0,0,2
0,0,8,0,0,0,0,0,0,0,0,0,0,0,0,0,0,0,2
0,0,2,0,0,0,0,0,0,0,0,0,0,0,0,0,0,0,2
0,0,9,0,0,0,0,0,0,0,0,0,0,0,0,0,0,0,2
0,10,1,0,0,0,0,0,0,0,0,0,0,0,0,0,0,0,1
0,0,93,0,0,0,0,0,0,0,0,0,0,0,0,0,0,0,2
0,0,4,0,0,0,0,0,0,0,0,0,0,0,0,0,0,0,2
0,17,4,0,0,0,0,0,0,0,0,0,0,0,0,0,0,0,1
1,0,0,1,0,0,0,0,34,0,0,0,0,0,0,0,0,0,8
0,0,0,0,0,0,0,0,0,0,0,6,0,0,0,0,0,0,11
0,0,0,1,0,0,0,0,26,0,0,0,0,0,0,0,0,0,8
0,0,7,0,0,0,0,0,0,0,0,0,0,0,0,0,0,0,2
0,0,1,0,0,0,0,0,0,0,0,0,45,0,0,0,0,0,12
1,0,0,0,0,0,0,0,0,0,0,0,0,0,0,0,0,0,0
0,0,0,0,0,0,0,9,0,0,0,0,0,0,0,0,0,0,7
0,0,5,0,0,0,0,0,0,0,0,0,0,0,0,0,0,0,2
0,0,2,0,0,0,0,0,0,0,0,0,0,0,0,0,0,0,2
5,0,0,0,0,0,0,0,0,0,0,0,0,0,0,0,0,0,0
0,0,0,2,0,0,0,0,0,0,0,0,0,0,0,0,0,0,3
0,0,2,0,0,0,0,0,0,0,0,0,0,0,0,0,0,0,2
0,0,11,0,0,0,0,0,0,0,0,0,0,0,0,0,0,0,2
0,0,0,0,0,0,0,18,0,0,0,0,0,0,0,0,0,0,7
0,31,2,0,0,0,0,0,0,0,0,0,0,0,0,0,0,0,1
0,0,0,3,0,0,0,0,0,0,0,0,0,0,0,0,0,0,3
0,0,0,0,0,0,0,0,0,0,0,6,0,0,0,0,0,0,11
0,0,0,0,0,0,0,0,0,0,0,5,0,0,0,0,0,0,11
0,0,89,0,0,0,0,0,0,0,0,0,0,0,0,0,0,0,2
0,0,0,0,0,0,0,4,0,0,0,0,0,0,0,0,0,0,7
0,4,90,0,0,0,0,0,0,0,0,0,0,0,0,0,0,0,2
0,0,0,1,0,0,0,0,4,0,0,0,0,0,0,0,0,0,8
0,37,1,0,0,0,0,0,0,0,0,0,0,0,0,0,0,0,1
0,0,0,0,0,0,0,11,0,0,0,0,0,0,0,0,0,0,7
0,0,78,0,0,0,0,0,0,0,0,0,0,0,0,0,0,0,2
0,0,0,0,0,0,0,8,0,0,0,0,0,0,0,0,0,0,7
0,0,1,0,0,0,0,0,0,0,0,0,18,0,0,0,0,0,12
0,0,0,1,0,0,0,0,6,0,0,0,0,0,0,0,0,0,8
0,2,0,0,0,0,0,0,0,0,0,0,0,0,0,0,0,0,1
0,0,11,0,0,0,0,0,0,0,0,0,0,0,0,0,0,0,2
0,0,3,0,0,0,0,0,0,0,0,0,0,0,0,0,0,0,2
0,0,5,0,0,0,0,0,0,0,0,0,0,0,0,0,0,0,2
0,0,0,0,0,0,0,41,0,0,0,0,0,0,0,0,0,0,7
0,0,0,0,0,0,0,3,0,0,0,0,0,0,0,0,0,0,7
0,17,0,0,0,0,0,0,0,0,0,0,0,0,0,0,0,0,1
0,0,0,0,0,0,0,56,0,0,0,0,0,0,0,0,0,0,7
0,0,0,130,0,0,0,0,1,0,0,0,0,0,0,0,1,0,3
1,0,0,0,0,0,0,0,0,0,0,0,0,0,0,0,0,0,0
0,78,1,0,0,0,0,0,0,0,0,0,0,0,0,0,0,0,1
0,0,0,0,0,0,0,0,0,0,0,6,0,0,0,0,0,0,11
0,6,1,0,0,0,0,0,0,0,0,0,0,0,0,0,0,0,1
0,0,2,0,0,0,0,0,0,0,0,0,17,0,0,0,0,0,12
0,0,55,0,0,0,0,0,0,0,0,0,1,0,0,0,0,0,2
11,0,0,0,0,0,0,0,0,0,0,0,0,0,0,0,0,0,0
0,7,1,0,0,0,0,0,0,0,0,0,0,0,0,0,0,0,1
5,0,0,0,0,0,0,0,0,0,0,0,0,0,0,0,0,0,0
0,0,11,0,0,0,0,0,0,0,0,0,0,0,0,0,0,0,2
0,0,0,0,0,0,0,3,0,0,0,0,0,0,0,0,0,0,7
0,0,0,0,0,0,0,0,0,0,0,15,0,0,0,0,0,0,11
0,0,1,0,1,0,0,0,0,0,0,0,0,0,0,0,0,0,4
0,0,0,0,0,0,0,0,0,0,9,0,0,0,0,0,0,0,10
0,0,3,0,0,0,0,0,0,0,0,0,0,0,0,0,0,0,2
0,0,5,0,0,0,0,0,0,0,0,0,0,0,0,0,0,0,2
0,0,12,0,0,0,0,0,0,0,0,0,0,0,0,0,0,0,2
0,0,0,0,0,0,0,2,0,0,0,0,0,0,0,0,0,0,7
0,0,0,2,0,0,0,0,73,0,0,0,0,0,0,0,0,0,8
0,0,0,0,0,0,0,0,0,0,0,2,0,0,0,0,0,0,11
0,3,0,0,0,0,0,0,0,0,0,0,0,0,0,0,0,0,1
0,0,12,0,0,0,0,0,0,0,0,0,0,0,0,0,0,0,2
10,0,0,0,0,0,0,0,0,0,0,0,0,0,0,0,0,0,0
2,1,0,0,0,0,0,0,0,0,0,0,0,0,0,0,0,0,0
0,0,1,0,0,0,0,0,0,0,0,0,0,0,6,0,0,0,14
0,0,0,0,0,0,0,0,0,0,0,8,0,0,0,0,0,0,11
0,0,6,0,0,0,0,0,0,0,0,0,0,0,0,0,0,0,2
0,0,0,1,0,0,0,0,2,0,0,0,0,0,0,0,0,0,8
0,9,0,0,0,0,0,0,0,0,0,0,0,0,0,0,0,0,1
2,0,0,0,0,0,0,0,0,0,0,0,0,0,0,0,0,0,0
0,0,0,31,0,0,0,0,0,0,0,0,0,0,0,0,0,0,3
1,0,0,0,0,0,0,0,0,0,0,0,0,0,0,0,0,0,0
0,0,0,0,0,0,0,0,0,0,2,0,0,0,0,0,0,0,10
0,0,7,0,0,0,0,0,0,0,0,0,0,0,0,0,0,0,2
1,0,0,0,0,0,0,0,0,0,0,0,0,0,0,0,0,0,0
0,5,0,0,0,0,0,0,0,0,0,0,0,0,0,0,0,0,1
0,0,1,0,0,0,0,0,0,0,0,0,0,0,8,0,0,0,14
0,0,0,0,0,0,0,2,0,0,0,0,0,0,0,0,0,0,7
0,0,1,0,0,0,0,0,0,0,0,0,63,0,0,0,0,0,12
0,0,0,1,0,0,0,0,5,0,0,0,0,0,0,0,0,0,8
0,0,0,1,0,0,0,0,0,0,0,0,0,0,0,0,6,0,16
0,20,0,0,0,0,0,0,0,0,0,0,0,0,0,0,0,0,1
0,0,99,0,0,0,0,0,0,0,0,0,0,0,0,0,0,0,2
0,21,1,0,0,0,0,0,0,0,0,0,0,0,0,0,0,0,1
11,0,0,0,0,0,0,0,0,0,0,0,0,0,0,0,0,0,0
0,0,0,1,0,0,0,0,4,0,0,0,0,0,0,0,0,0,8
43,0,0,0,0,0,0,0,0,0,0,0,0,0,0,0,0,0,0
1,0,1,1,0,0,0,0,27,0,0,0,0,0,0,0,0,0,8
0,0,9,0,0,0,0,0,0,0,0,0,0,0,0,0,0,0,2
0,0,0,0,0,0,0,10,0,0,0,0,0,0,0,0,0,0,7
10,0,0,0,0,0,0,0,0,0,0,0,0,0,0,0,0,0,0
0,0,1,0,0,0,0,0,0,0,0,0,0,0,0,0,0,0,2
0,0,1,0,0,0,0,0,0,0,0,0,0,0,0,0,0,0,2
0,20,1,0,0,0,0,0,0,0,0,0,0,0,0,0,0,0,1
0,3,1,0,0,0,0,0,0,0,0,0,0,0,0,0,0,0,1
0,7,0,0,0,0,0,0,0,0,0,0,0,0,0,0,0,0,1
0,0,1,0,0,0,0,0,0,0,0,0,0,0,0,0,0,0,2
0,0,1,0,0,0,0,0,0,0,0,0,0,0,0,0,0,0,2
0,0,0,1,0,0,0,0,44,0,0,0,0,0,0,0,0,0,8
0,0,0,0,0,0,0,0,0,0,4,0,0,0,0,0,0,0,10
22,0,0,0,0,0,0,0,0,0,0,0,0,0,0,0,0,0,0
0,0,0,0,0,0,0,0,0,0,4,0,0,0,0,0,0,0,10
0,24,1,0,0,0,0,0,0,0,0,0,0,0,0,0,0,0,1
0,0,0,0,0,0,0,18,0,0,0,0,0,0,0,0,0,0,7
0,0,35,0,0,0,0,0,0,0,0,0,0,0,0,0,0,0,2
0,0,0,2,0,0,0,0,0,0,0,0,0,0,0,0,1,0,16
0,0,0,0,0,0,0,9,0,0,0,0,0,0,0,0,0,0,7
0,0,0,0,0,0,0,2,0,0,0,0,0,0,0,0,0,0,7
0,0,24,0,0,0,0,0,0,0,0,0,0,0,0,0,0,0,2
1,0,0,7,0,0,0,0,59,0,0,0,0,0,0,0,1,0,8
0,0,0,4,0,0,0,0,72,0,0,0,0,0,0,0,0,0,8
0,0,5,0,0,0,0,0,0,0,0,0,0,0,0,0,0,0,2
3,0,0,0,0,0,0,0,0,0,0,0,0,0,0,0,0,0,0
0,0,8,0,0,0,0,0,0,0,0,0,0,0,0,0,0,0,2
0,0,89,0,0,0,0,0,0,0,0,0,0,0,0,0,0,0,2
0,0,11,0,0,0,0,0,0,0,0,0,0,0,0,0,0,0,2
1,0,0,3,0,0,0,0,16,0,0,0,0,0,0,0,0,0,8
0,0,0,1,0,0,0,0,0,0,0,0,0,0,0,0,1,0,16
0,4,0,0,0,0,0,0,0,0,0,0,0,0,0,0,0,0,1
0,0,10,0,0,0,0,0,0,0,0,0,0,0,0,0,0,0,2
0,1,96,0,0,0,0,0,0,0,0,0,0,0,0,0,0,0,2
0,0,0,0,0,0,0,1,0,0,0,0,0,0,0,0,0,0,7
0,0,0,1,0,0,0,0,2,0,0,0,0,0,0,0,0,0,8
0,0,0,1,0,0,0,0,13,0,0,0,0,0,0,0,0,0,8
0,0,17,0,0,0,0,0,0,0,0,0,0,0,0,0,0,0,2
0,0,15,0,0,0,0,1,0,0,0,0,0,0,0,0,0,0,2
0,0,34,0,0,0,0,0,0,0,0,0,0,0,0,0,0,0,2
0,27,1,0,0,0,0,0,0,0,0,0,0,0,0,0,0,0,2
0,2,0,0,0,0,0,0,0,0,0,0,0,0,0,0,0,0,1
0,0,1,5,0,0,0,0,79,0,0,0,0,0,0,0,0,0,8
0,0,0,0,0,0,0,6,0,0,0,0,0,0,0,0,0,0,7
0,0,0,0,0,0,0,5,0,0,0,0,0,0,0,0,0,0,7
0,0,2,0,0,0,0,0,0,0,0,0,0,0,0,0,0,0,2
0,0,1,0,15,0,0,0,0,0,0,0,0,0,0,0,0,0,4
0,0,0,0,0,0,0,0,0,0,0,29,0,0,0,0,0,0,11
0,36,0,0,0,0,0,0,0,0,0,0,0,0,0,0,0,0,1
0,0,0,1,0,0,0,0,8,0,0,0,0,0,0,0,0,0,8
0,0,0,54,0,0,0,0,0,0,0,0,0,0,0,0,0,0,3
0,26,1,0,0,0,0,0,0,0,0,0,0,0,0,0,0,0,1
0,0,13,0,0,0,0,0,0,0,0,0,0,0,0,0,0,0,2
0,0,12,0,0,0,0,0,0,0,0,0,0,0,0,0,0,0,2
0,0,0,0,0,0,0,6,0,0,0,0,0,0,0,0,0,0,7
0,0,1,0,0,0,0,0,0,0,0,0,0,0,0,2,0,0,15
0,0,0,0,0,0,0,0,0,0,0,15,0,0,0,0,0,0,11
0,16,1,0,0,0,0,0,0,0,0,0,0,0,0,0,0,0,1
0,0,17,0,0,0,0,0,0,0,0,0,0,0,0,0,0,0,2
1,0,0,1,0,0,0,0,9,0,0,0,0,0,0,0,0,0,8
0,0,7,0,0,0,0,0,0,0,0,0,0,0,0,0,0,0,2
0,28,1,0,0,0,0,0,0,0,0,0,0,0,0,0,0,0,1
0,13,1,0,0,0,0,0,0,0,0,0,0,0,0,0,0,0,1
0,0,0,1,0,0,0,0,5,0,0,0,0,0,0,0,0,0,8
0,1,1,0,28,0,0,0,0,0,0,0,0,0,0,0,0,0,4
1,0,1,2,0,0,0,0,13,0,0,0,0,0,0,0,0,0,8
0,51,1,0,0,0,0,0,0,0,0,0,0,0,0,0,0,0,1
0,0,0,99,0,0,0,0,0,0,0,0,0,0,0,0,0,0,3
12,0,0,0,0,0,0,0,0,0,0,0,0,0,0,0,0,0,0
0,0,1,0,0,0,0,0,0,0,0,0,0,0,0,0,0,0,2
0,19,0,0,0,0,0,0,0,0,0,0,0,0,0,0,0,0,1
0,0,3,0,0,0,0,0,0,0,0,0,58,0,0,0,0,0,12
0,30,0,0,0,0,0,0,0,0,0,0,0,0,0,0,0,0,1
0,18,1,0,0,0,0,0,0,0,0,0,0,0,0,0,0,0,1
0,0,0,0,0,0,0,33,0,0,0,0,0,0,0,0,0,0,7
0,0,0,0,0,0,0,6,0,0,0,0,0,0,0,0,0,0,7
0,0,31,0,0,0,0,0,0,0,0,0,1,0,0,0,0,0,2
0,0,1,0,0,0,0,0,0,0,0,0,0,0,0,0,0,0,1
0,0,0,0,0,0,0,0,0,0,0,1,0,0,0,0,0,0,11
0,0,65,0,0,0,0,0,0,0,0,0,0,0,0,0,0,0,2
0,0,0,114,0,0,0,0,2,0,0,0,0,0,0,0,0,0,3
0,0,3,0,0,0,0,0,0,0,0,0,0,0,0,0,0,0,2
0,0,0,0,0,0,0,5,0,0,0,0,0,0,0,0,0,0,7
0,0,1,0,0,0,0,0,0,0,0,0,16,0,0,0,0,0,12
0,0,13,0,0,0,0,0,0,0,0,0,0,0,0,0,0,0,2
0,0,52,0,0,0,0,0,0,0,0,0,0,0,0,0,0,0,2
0,0,2,0,0,0,0,0,0,0,0,0,0,0,0,0,0,0,2
0,38,1,0,0,0,0,0,0,0,0,0,0,0,0,0,0,0,1
0,0,0,60,0,0,0,0,0,0,0,0,0,0,0,0,0,0,3
0,0,0,0,0,0,0,19,0,0,0,0,0,0,0,0,0,0,7
0,0,0,0,0,0,0,4,0,0,0,0,0,0,0,0,0,0,7
0,0,0,110,0,0,0,0,0,0,0,0,0,0,0,0,0,0,3
0,0,0,14,0,0,0,0,0,0,0,0,0,0,0,0,0,0,3
0,28,2,0,0,0,0,0,0,0,0,0,0,0,0,0,0,0,1
0,0,0,41,0,0,0,0,0,0,0,0,0,0,0,0,0,0,3
0,0,0,0,0,0,0,0,0,0,0,6,0,0,0,0,0,0,11
1,0,0,1,0,0,0,0,6,0,0,0,0,0,0,0,0,0,8
0,0,0,0,0,0,0,4,0,0,0,0,0,0,0,0,0,0,7
0,0,21,0,0,0,0,0,0,0,0,0,0,0,0,0,0,0,2
0,0,0,64,0,0,0,0,0,0,0,0,0,0,0,0,0,0,3
0,0,4,0,0,0,0,0,0,0,0,0,0,0,0,0,0,0,2
0,0,0,0,0,0,0,0,0,0,0,1,0,0,0,0,0,0,11
0,2,2,0,0,0,0,0,0,0,0,0,0,0,0,0,0,0,1
0,0,1,0,1,0,0,0,0,0,0,0,0,0,0,0,0,0,4
0,0,0,0,0,0,0,5,0,0,0,0,0,0,0,0,0,0,7
0,0,7,0,0,0,0,0,0,0,0,0,0,0,0,0,0,0,2
0,12,1,0,0,0,0,0,0,0,0,0,0,0,0,0,0,0,1
0,1,0,0,0,0,0,0,0,14,0,0,0,0,0,0,0,0,9
0,0,2,0,0,0,0,0,0,0,0,0,4,0,0,0,0,0,12
0,0,9,0,0,0,0,0,0,0,0,0,0,0,0,0,0,0,2
0,15,1,0,0,0,0,0,0,0,0,0,0,0,0,0,0,0,1
1,0,0,1,0,0,0,0,34,0,0,0,0,0,0,0,0,0,8
0,7,0,0,0,0,0,0,0,0,0,0,0,0,0,0,0,0,1
0,0,0,1,0,0,0,0,9,0,0,0,0,0,0,0,0,0,8
0,14,0,0,0,0,0,0,0,0,0,0,0,0,0,0,0,0,1
0,0,0,154,0,0,0,0,5,0,0,0,0,0,0,0,0,0,3
0,0,0,0,0,0,0,6,0,0,0,0,0,0,0,0,0,0,7
0,0,0,3,0,0,0,0,26,0,0,0,0,0,0,0,0,0,8
0,1,1,0,0,0,0,0,0,0,0,0,0,0,0,0,0,0,1
0,0,0,0,0,0,0,5,0,0,0,0,0,0,0,0,0,0,7
0,28,2,0,0,0,0,0,0,0,0,0,0,0,0,0,0,0,1
0,0,21,0,0,0,0,0,0,0,0,0,0,0,0,0,0,0,2
0,2,1,0,0,0,0,0,0,0,0,0,0,0,0,0,0,0,1
0,0,11,0,0,0,0,0,0,0,0,0,0,0,0,0,0,0,2
0,3,2,0,0,0,0,0,0,0,0,0,0,0,0,0,0,0,1
0,0,9,0,0,0,0,0,0,0,0,0,0,0,0,0,0,0,2
0,0,36,0,0,0,0,0,0,0,0,0,0,0,0,0,0,0,2
0,46,1,0,0,0,0,0,0,0,0,0,0,0,0,0,0,0,1
1,0,0,1,0,0,0,0,6,0,0,0,0,0,0,0,0,0,8
0,0,37,0,0,0,0,0,0,0,0,0,0,0,0,0,0,0,2
0,0,7,0,0,0,0,0,0,0,0,0,0,0,0,0,0,0,2
0,1,102,0,1,0,0,0,0,0,0,0,0,0,0,0,0,0,2
0,0,0,0,0,0,0,35,0,0,0,0,0,0,0,0,0,0,7
0,0,0,0,0,0,0,11,0,0,0,0,0,0,0,0,0,0,7
0,0,0,0,0,0,0,18,0,0,0,0,0,0,0,0,0,0,7
0,3,0,0,0,0,0,0,0,0,0,0,0,0,0,0,0,0,1
12,0,0,0,0,0,0,0,0,0,0,0,0,0,0,0,0,0,0
0,0,5,0,0,0,0,0,0,0,0,0,0,0,0,0,0,0,2
0,23,1,0,0,0,0,0,0,0,0,0,0,0,0,0,0,0,1
1,0,0,2,0,0,0,0,23,0,0,0,0,0,0,0,0,1,8
0,0,2,0,0,0,0,0,0,0,0,0,43,0,0,0,0,0,12
0,0,0,6,0,0,0,0,0,0,0,0,0,0,0,0,0,0,3
0,0,1,0,0,0,0,0,0,0,0,0,33,0,0,0,0,0,12
0,0,1,0,0,0,0,0,0,0,0,0,10,0,0,0,0,0,12
0,63,1,0,0,0,0,0,0,0,0,0,0,0,0,0,0,0,1
0,0,0,0,0,0,0,5,0,0,0,0,0,0,0,0,0,0,7
0,0,0,1,0,0,0,0,28,0,0,0,0,0,0,0,0,0,8
0,0,1,0,0,0,0,0,0,0,0,0,3,0,0,0,0,0,12
0,0,0,0,0,0,0,8,0,0,0,0,0,0,0,0,0,0,7
0,0,23,0,0,0,0,0,0,0,0,0,0,0,0,0,0,0,2
0,1,2,0,0,0,0,0,0,0,0,0,0,0,0,0,0,0,2
0,0,1,0,0,0,0,0,0,0,0,0,6,0,0,0,0,0,12
1,0,1,5,0,0,0,0,36,0,0,0,0,0,0,0,0,0,8
0,0,0,0,0,0,0,14,0,0,0,0,0,0,0,0,0,0,7
0,0,0,47,0,0,0,0,0,0,0,0,0,0,0,0,0,0,3
0,0,0,1,0,0,0,0,11,0,0,0,0,0,0,0,0,0,8
1,0,1,4,0,0,0,0,105,0,0,0,0,0,0,0,0,0,8
0,0,0,0,0,0,0,4,0,0,0,0,0,0,0,0,0,0,7
0,0,1,1,0,0,0,0,9,0,0,0,0,0,0,0,0,0,8
0,0,16,0,0,0,0,0,0,0,0,0,0,0,0,0,0,0,2
0,0,5,0,0,0,0,0,0,0,0,0,0,0,0,0,0,0,2
2,0,0,0,0,0,0,0,0,0,0,0,0,0,0,0,0,0,0
0,0,17,0,0,0,0,0,0,0,0,0,0,0,0,0,0,0,2
0,0,0,10,0,0,0,0,88,0,0,0,0,0,0,0,0,0,8
0,0,0,0,0,0,0,12,0,0,0,0,0,0,0,0,0,0,7
6,0,0,0,0,0,0,0,0,0,0,0,0,0,0,0,0,0,0
0,0,1,0,0,0,0,0,0,0,0,0,23,0,0,0,0,0,12
0,20,0,0,0,0,0,0,0,0,0,0,0,0,0,0,0,0,1
0,0,1,0,0,0,0,0,0,0,0,0,0,0,0,0,0,0,2
0,5,34,0,0,0,0,0,0,0,0,0,0,0,0,0,0,0,2
0,0,1,0,0,0,0,0,0,0,0,0,0,0,2,0,0,0,14
0,0,0,25,0,0,0,0,0,0,0,0,0,0,0,0,0,0,3
0,0,0,1,0,0,0,0,64,0,0,0,0,0,0,0,0,0,8
5,0,0,0,0,0,0,0,0,0,0,0,0,0,0,0,0,0,0
0,0,0,118,0,0,0,0,0,0,0,0,0,0,0,0,0,0,3
7,0,0,0,0,0,0,0,0,0,0,0,0,0,0,0,0,0,0
0,9,0,0,0,0,0,0,0,0,0,0,0,0,0,0,0,0,1
0,0,0,99,0,0,0,0,0,0,0,0,0,0,0,0,0,0,3
1,2,2,0,0,0,0,0,2,0,0,0,0,0,0,0,0,0,3
3,0,0,0,0,0,0,0,0,0,0,0,0,0,0,0,0,0,0
0,0,0,0,0,0,0,2,0,0,0,0,0,0,0,0,0,0,7
0,9,3,0,0,0,0,0,0,0,0,0,0,0,0,0,0,0,1
0,0,0,0,0,0,0,8,0,0,0,0,0,0,0,0,0,0,7
0,0,10,0,0,0,0,0,0,0,0,0,0,0,0,0,0,0,2
0,0,0,0,0,0,0,5,0,0,0,0,0,0,0,0,0,0,7
0,0,0,0,0,0,0,0,0,0,0,1,0,0,0,0,0,0,11
0,0,0,0,0,0,0,11,0,0,0,0,0,0,0,0,0,0,7
0,33,1,0,0,0,0,0,0,0,0,0,0,0,0,0,0,0,1
0,0,2,0,0,0,0,0,0,0,0,0,0,0,0,0,0,0,2
0,2,1,0,0,0,0,0,0,0,0,0,0,0,0,0,0,0,1
0,0,48,0,0,0,0,0,0,0,0,0,0,0,0,0,0,0,2
4,0,0,0,0,0,0,0,0,0,0,0,0,0,0,0,0,0,0
0,0,0,1,0,0,0,0,0,0,0,0,0,0,0,0,0,0,8
10,0,0,0,0,0,0,0,0,0,0,0,0,0,0,0,0,0,0
9,0,0,0,0,0,0,0,0,0,0,0,0,0,0,0,0,0,0
0,0,34,0,0,0,0,0,0,0,0,0,0,0,0,0,0,0,2
0,0,82,0,0,0,0,0,0,0,0,0,0,0,0,0,0,0,2
0,0,0,0,0,0,0,3,0,0,0,1,0,0,0,0,0,0,7
0,0,0,1,0,0,0,0,0,0,0,0,0,0,0,0,0,0,3
0,0,1,0,0,0,0,0,0,0,0,0,26,0,0,0,0,0,12
0,0,0,0,0,0,0,0,0,0,0,8,0,0,0,0,0,0,11
0,81,1,0,0,0,0,0,0,0,0,0,0,0,0,0,0,0,1
4,0,1,0,0,0,0,0,0,0,0,0,0,0,0,0,0,0,0
0,0,0,0,0,0,0,0,0,0,0,30,0,0,0,0,0,0,11
0,39,2,0,0,0,0,0,0,0,0,0,0,0,0,0,0,0,1
0,0,11,0,0,0,0,0,0,0,0,0,0,0,0,0,0,0,2
0,0,18,0,0,0,0,0,0,0,0,0,0,0,0,0,0,0,2
0,21,1,0,0,0,0,0,0,0,0,0,0,0,0,0,0,0,1
0,0,0,1,0,0,0,0,6,0,0,0,0,0,0,0,0,0,8
0,28,1,0,0,0,0,0,0,0,0,0,0,0,0,0,0,0,1
0,0,0,0,0,0,0,0,0,0,0,1,0,0,0,0,0,0,11
0,4,0,0,0,0,0,0,0,0,0,0,0,0,0,0,0,0,1
0,0,0,177,0,0,0,0,0,0,0,0,0,0,0,0,0,0,3
0,0,0,0,0,0,0,1,0,0,0,0,0,0,0,0,0,0,7
0,0,1,0,0,0,0,0,0,0,0,0,23,0,0,0,0,0,12
0,0,42,0,0,0,0,0,0,0,0,0,0,0,0,0,0,0,2
0,18,1,0,0,0,0,0,0,0,0,0,0,0,0,0,0,0,1
25,0,0,0,0,0,0,0,0,0,0,0,0,0,0,0,0,0,0
0,0,32,0,0,0,0,0,0,0,0,0,1,0,0,0,0,0,2
0,0,1,0,0,0,0,0,0,0,0,0,3,0,0,0,0,0,12
0,0,2,0,0,0,0,0,0,0,0,0,0,0,0,0,0,0,2
0,0,25,0,0,0,0,0,0,0,0,0,0,0,0,0,0,0,2
0,1,18,0,0,0,0,0,0,0,0,0,0,0,0,0,0,0,2
0,38,1,0,0,0,0,0,0,0,0,0,0,0,0,0,0,0,1
0,0,2,0,0,0,0,0,0,0,0,0,0,0,0,0,0,0,2
0,0,1,0,0,0,0,0,0,0,0,0,42,0,0,0,0,0,12
0,0,5,0,0,0,0,0,0,0,0,0,0,0,0,0,0,0,2
1,0,1,5,0,0,0,0,115,0,0,0,0,0,0,0,0,0,8
0,0,0,0,0,0,0,25,0,0,0,0,0,0,0,0,0,0,7
0,0,2,0,0,0,0,0,0,0,0,0,0,0,0,0,0,0,2
0,0,0,0,0,0,0,0,0,0,0,7,0,0,0,0,0,0,11
0,0,0,81,0,0,0,0,0,0,0,0,0,0,0,0,0,0,3
0,0,0,0,0,0,0,5,0,0,0,0,0,0,0,0,0,0,7
0,0,20,0,0,0,0,0,0,0,0,0,0,0,0,0,0,0,2
0,0,0,8,0,0,0,0,0,0,0,0,0,0,0,0,0,0,3
10,0,0,0,0,0,0,0,0,0,0,0,0,0,0,0,0,0,0
0,0,0,0,0,0,0,12,0,0,0,0,0,0,0,0,0,0,7
0,0,0,1,0,0,0,0,22,0,0,0,0,0,0,0,0,0,8
0,2,0,0,0,0,0,0,0,0,0,0,0,0,0,0,0,0,1
0,0,0,0,0,0,0,14,0,0,0,0,0,0,0,0,0,0,7
0,2,0,0,0,0,0,0,0,0,0,0,0,0,0,0,0,0,1
0,0,0,1,0,0,0,0,0,0,0,0,0,0,0,0,0,0,3
0,0,0,8,0,0,0,0,0,0,0,0,0,0,0,0,0,0,3
0,0,0,0,0,0,0,10,0,0,0,0,0,0,0,0,0,0,7
0,0,8,0,0,0,0,0,0,0,0,0,0,0,0,0,0,0,2
0,0,0,0,0,0,0,1,0,0,0,0,0,0,0,0,0,0,7
0,0,1,0,0,0,0,0,0,0,0,0,0,0,0,0,0,0,2
0,0,0,16,0,0,0,0,0,0,0,0,0,0,0,0,0,0,3
0,10,2,0,0,0,0,0,0,0,0,0,0,0,0,0,0,0,1
6,0,0,0,0,0,0,0,0,0,0,0,0,0,0,0,0,0,0
1,0,1,3,0,0,0,0,82,0,0,0,0,0,0,0,0,0,8
0,0,7,0,0,0,0,0,0,0,0,0,0,0,0,0,0,0,2
0,29,1,0,0,0,0,0,0,0,0,0,0,0,0,0,0,0,1
0,0,28,0,0,0,0,0,0,0,0,0,0,0,0,0,0,0,2
0,0,0,5,0,0,0,0,0,0,0,0,0,0,0,0,0,0,3
0,0,2,0,0,0,0,0,0,0,0,0,0,0,0,0,0,0,2
0,0,0,99,0,0,0,0,0,0,0,0,0,0,0,0,0,0,3
0,0,5,0,0,0,0,0,0,0,0,0,0,0,0,0,0,0,2
0,0,0,0,0,0,0,2,0,0,0,0,0,0,0,0,0,0,7
0,0,2,0,0,0,0,0,0,0,0,0,29,0,0,0,0,0,12
0,0,23,0,0,0,0,0,0,0,0,0,0,0,0,0,0,0,2
0,1,0,0,0,0,0,0,0,0,0,0,0,0,0,0,0,0,1
0,0,17,0,0,0,0,0,0,0,0,0,0,0,0,0,0,0,2
0,0,0,0,0,0,0,17,0,0,0,0,0,0,0,0,0,0,7
0,0,0,44,0,0,0,0,1,0,0,0,0,0,0,0,0,0,3
0,0,58,0,0,0,0,0,0,0,0,0,0,0,0,0,0,0,2
0,42,0,0,0,0,0,0,0,0,0,0,0,0,0,0,0,0,1
0,0,0,0,0,0,0,3,0,0,0,0,0,0,0,0,0,0,7
0,0,9,0,0,0,0,0,0,0,0,0,0,0,0,0,0,0,2
0,0,0,1,0,0,0,0,4,0,0,0,0,0,0,0,0,0,8
0,0,0,2,0,0,0,0,50,0,0,0,0,0,0,0,0,0,8
0,0,0,0,0,0,0,0,0,0,0,1,0,0,0,0,0,0,11
0,0,1,2,0,0,0,0,45,0,0,0,0,0,0,0,0,0,8
0,0,0,94,0,0,0,0,0,0,0,0,0,0,0,0,0,0,3
0,0,0,0,0,0,0,30,0,0,0,0,0,0,0,0,0,0,7
1,0,1,3,0,0,0,0,33,0,0,0,0,0,0,0,0,0,8
0,0,4,0,0,0,0,0,0,0,0,0,0,0,0,0,0,0,2
0,0,0,1,0,0,0,0,27,0,0,0,0,0,0,0,0,0,8
0,20,1,0,0,0,0,0,0,0,0,0,0,0,0,0,0,0,1
0,0,0,0,0,0,0,4,0,0,0,0,0,0,0,0,0,0,7
0,0,10,0,0,0,0,0,0,0,0,0,0,0,0,0,0,0,2
0,18,0,0,0,0,0,0,0,0,0,0,0,0,0,0,0,0,1
0,0,0,2,0,0,0,0,17,0,0,0,0,0,0,0,0,0,8
9,0,0,0,0,0,0,0,0,0,0,0,0,0,0,0,0,0,0
0,0,0,43,0,0,0,0,0,0,0,0,0,0,0,0,0,0,3
6,0,0,0,0,0,0,0,0,0,0,0,0,0,0,0,0,0,0
0,38,1,0,0,0,0,0,0,0,0,0,0,0,0,0,0,0,1
12,0,0,0,0,0,0,0,0,0,0,0,0,0,0,0,0,0,0
0,0,0,0,0,0,0,2,0,0,0,0,0,0,0,0,0,0,7
0,0,0,0,0,0,0,0,0,0,0,10,0,0,0,0,0,0,11
0,3,0,0,0,0,0,0,0,0,0,0,0,0,0,0,0,0,1
0,4,0,0,0,0,0,0,0,0,0,0,0,0,0,0,0,0,1
0,2,1,0,0,0,0,0,0,0,0,0,0,0,0,0,0,0,1
0,0,3,0,0,0,0,0,0,0,0,0,0,0,0,0,0,0,2
0,0,7,0,0,0,0,0,0,0,0,0,0,0,0,0,0,0,2
0,0,1,0,0,0,0,0,0,0,0,0,35,0,0,0,0,0,12
0,0,0,1,0,0,0,0,21,0,0,0,0,0,0,0,0,0,8
1,0,1,1,0,0,0,0,4,0,0,0,0,0,0,0,0,0,8
0,0,1,0,0,0,0,0,0,0,0,0,0,0,0,0,0,0,2
0,1,21,0,0,0,0,0,0,0,0,0,0,0,0,0,0,0,2
0,0,1,0,0,0,0,0,0,0,0,0,0,1,0,0,0,0,13
0,1,0,0,0,0,0,0,0,0,0,0,0,0,0,0,0,0,1
0,24,1,0,0,0,0,0,0,0,0,0,0,0,0,0,0,0,1
1,0,1,6,0,0,0,0,146,0,0,0,0,0,0,0,0,0,8
0,0,0,0,0,0,0,3,0,0,0,0,0,0,0,0,0,0,7
1,0,0,0,0,0,0,0,0,0,0,0,0,0,0,0,0,0,0
29,0,0,0,0,0,0,0,0,0,0,0,0,0,0,0,0,0,0
1,0,0,0,0,0,0,0,0,0,0,0,0,0,0,0,0,0,0
0,0,0,39,0,0,0,0,1,0,0,0,0,0,0,0,0,0,3
0,0,0,0,0,0,0,0,0,0,0,1,0,0,0,0,0,0,11
0,0,42,0,0,0,0,0,0,0,0,0,0,0,0,0,0,0,2
0,0,1,0,0,0,0,0,0,0,0,0,10,0,0,0,0,0,12
0,4,1,0,0,0,0,0,0,0,0,0,0,0,0,0,0,0,1
0,0,72,0,0,0,0,0,0,0,0,0,0,0,0,0,0,0,2
4,0,0,0,0,0,0,0,0,0,0,0,0,0,0,0,0,0,0
0,0,0,86,0,0,0,0,0,0,0,0,0,0,0,0,0,0,3
0,0,1,0,0,0,0,0,0,0,0,0,0,0,0,0,0,0,2
0,0,0,0,0,0,0,0,0,0,0,0,0,0,0,0,0,0,11
0,24,2,0,0,0,0,0,0,0,0,0,0,0,0,0,0,0,1
0,10,0,0,0,0,0,0,0,0,0,0,0,0,0,0,0,0,1
0,0,0,1,0,0,0,0,10,0,0,0,0,0,0,0,0,0,8
0,0,0,0,0,0,0,8,0,0,0,0,0,0,0,0,0,0,7
0,0,0,0,0,0,0,29,0,0,0,0,0,0,0,0,0,0,7
0,0,0,0,0,0,0,0,0,0,0,1,0,0,0,0,0,0,11
1,0,1,4,0,0,0,0,91,0,0,0,0,0,0,0,0,0,8
0,4,2,0,0,0,0,0,0,0,0,0,0,0,0,0,0,0,1
0,0,0,2,0,0,0,0,8,0,0,0,0,0,0,0,0,0,8
0,3,0,0,0,0,0,0,0,0,0,0,0,0,0,0,0,0,1
0,0,0,0,0,0,0,0,0,0,0,6,0,0,0,0,0,0,11
0,0,0,1,0,0,0,0,1,0,0,0,0,0,0,0,0,0,8
4,0,0,0,0,0,0,0,0,0,0,0,0,0,0,0,0,0,0
0,0,0,1,0,0,0,0,4,0,0,0,0,0,0,0,0,0,8
0,0,1,0,0,0,0,0,0,0,0,0,12,0,0,0,0,0,12
0,1,1,0,0,0,0,0,0,0,0,0,0,0,0,0,0,0,1
0,49,1,0,0,0,0,0,0,0,0,0,0,0,0,0,0,0,1
0,0,14,0,0,0,0,0,0,0,0,0,0,0,0,0,0,0,2
0,0,2,0,0,0,0,0,0,0,0,0,0,0,0,0,0,0,2
0,0,0,0,0,0,0,0,0,0,0,16,0,0,0,0,0,0,11
0,0,6,0,0,0,0,0,0,0,0,0,0,0,0,0,0,0,2
0,2,1,0,0,0,0,0,0,0,0,0,0,0,0,0,0,0,1
0,0,0,0,0,0,0,3,0,0,0,0,0,0,0,0,0,0,7
0,0,0,0,0,0,0,9,0,0,0,0,0,0,0,0,0,0,7
0,0,0,1,0,0,0,0,15,0,0,0,0,0,0,0,0,3,8
0,0,0,28,0,0,0,0,1,0,0,0,0,0,0,0,0,0,3
0,0,0,1,0,0,0,0,26,0,0,0,0,0,0,0,0,0,8
0,0,0,0,0,0,0,0,0,0,0,3,0,0,0,0,0,0,11
0,18,1,0,0,0,0,0,0,0,0,0,0,0,0,0,0,0,1
0,0,0,1,0,0,0,0,2,0,0,0,0,0,0,0,0,0,8
0,16,1,0,0,0,0,0,0,0,0,0,0,0,0,0,0,0,1
0,0,0,1,0,0,0,0,18,0,0,0,0,0,0,0,0,0,8
0,0,0,0,0,0,0,0,0,0,0,14,0,0,0,0,0,0,11
0,4,0,0,0,0,0,0,0,0,0,0,0,0,0,0,0,0,1
0,0,1,0,0,0,0,0,0,0,0,0,1,0,0,0,0,0,12
0,20,1,0,0,0,0,0,0,0,0,0,0,0,0,0,0,0,1
0,4,1,0,0,0,0,0,0,0,0,0,0,0,0,0,0,0,1
1,0,1,3,0,0,0,0,25,0,0,0,0,0,0,0,0,0,8
0,0,1,0,0,0,0,0,0,0,0,0,4,0,0,0,0,0,12
0,0,0,32,0,0,0,0,0,0,0,0,0,0,0,0,0,0,3
2,0,0,0,0,0,0,0,0,0,0,0,0,0,0,0,0,0,0
0,0,0,1,0,0,0,0,16,0,0,0,0,0,0,0,0,0,8
2,0,0,0,0,0,0,0,0,0,0,0,0,0,0,0,0,0,0
0,2,3,0,27,0,0,0,0,0,0,0,0,0,0,0,0,0,4
0,0,0,3,0,0,0,0,13,0,0,0,0,0,0,0,0,0,8
3,0,0,0,0,0,0,0,0,0,0,0,0,0,0,0,0,0,0
0,0,0,43,0,0,0,0,0,0,0,0,0,0,0,0,0,0,3
0,0,8,0,0,0,0,0,0,0,0,0,0,0,0,0,0,0,2
0,0,43,0,0,0,0,0,0,0,0,0,0,0,0,0,0,0,2
0,0,12,0,0,0,0,0,0,0,0,0,0,0,0,0,0,0,2
0,0,1,0,0,0,0,0,0,0,0,0,0,0,0,0,0,0,2
0,8,1,0,0,0,0,0,0,0,0,0,0,0,0,0,0,0,1
0,0,1,0,0,0,0,0,0,0,0,0,32,0,0,0,0,0,12
0,1,0,0,0,0,0,0,0,15,0,0,0,0,0,0,0,0,9
0,0,0,0,0,0,0,0,0,0,0,8,0,0,0,0,0,0,11
0,0,0,1,0,0,0,0,12,0,0,0,0,0,0,0,0,0,8
0,0,0,1,0,0,0,0,0,0,0,0,0,0,0,0,0,0,8
0,0,6,0,0,0,0,0,0,0,0,0,0,0,0,0,0,0,2
1,0,0,0,0,0,0,0,0,0,0,0,0,0,0,0,0,0,0
0,6,0,0,0,0,0,0,0,0,0,0,0,0,0,0,0,0,1
0,0,16,0,0,0,0,0,0,0,0,0,0,1,0,0,0,0,2
0,0,4,0,0,0,0,1,0,0,0,0,0,0,0,0,0,0,2
0,0,2,0,0,0,0,0,0,0,0,0,0,0,0,0,0,0,2
0,0,0,0,0,0,0,16,0,0,0,0,0,0,0,0,0,0,7
2,1,0,0,0,0,0,0,0,0,0,0,0,0,0,0,0,0,0
0,0,0,0,0,0,0,0,0,0,0,29,0,0,0,0,0,0,11
0,0,6,0,0,0,0,0,0,0,0,0,0,0,0,0,0,0,2
0,1,111,0,0,0,0,0,0,0,0,0,0,0,0,0,0,0,2
0,0,1,0,0,0,0,0,0,0,0,0,3,0,0,0,0,0,12
0,70,1,0,0,0,0,0,0,0,0,0,0,0,0,0,0,0,1
0,0,3,0,0,0,0,0,0,0,0,0,1,0,0,0,0,0,2
0,10,1,0,0,0,0,0,0,0,0,0,0,0,0,0,0,0,1
0,0,0,0,0,0,0,26,0,0,0,0,0,0,0,0,0,0,7
0,0,0,0,0,0,0,0,0,0,0,9,0,0,0,0,0,0,11
1,0,0,0,0,0,0,0,0,0,0,0,0,0,0,0,0,0,0
0,0,0,0,0,0,0,12,0,0,0,0,0,0,0,0,0,0,7
0,0,0,58,0,0,0,0,2,0,0,0,0,0,0,0,0,0,3
0,0,62,0,0,0,0,0,0,0,0,0,0,0,0,0,0,0,2
1,0,0,1,0,0,0,0,16,0,0,0,0,0,0,0,0,0,8
0,0,12,0,0,0,0,0,0,0,0,0,0,0,0,0,0,0,2
0,0,0,0,0,0,0,4,0,0,0,0,0,0,0,0,0,0,7
0,0,0,0,0,0,0,9,0,0,0,0,0,0,0,0,0,0,7
0,26,1,0,0,0,0,0,0,0,0,0,0,0,0,0,0,0,1
0,0,0,1,0,0,0,0,6,0,0,0,0,0,0,0,0,0,8
0,11,0,0,0,0,0,1,0,0,0,0,0,0,0,0,0,0,1
0,8,1,0,0,0,0,0,0,0,0,0,0,0,0,0,0,0,1
0,0,0,1,0,0,0,0,3,0,0,0,0,0,0,0,0,0,8
0,0,12,0,0,0,0,0,0,0,0,0,0,0,0,0,0,0,2
0,0,0,36,0,0,0,0,0,0,0,0,0,0,0,0,0,0,3
0,1,0,0,0,0,0,0,0,0,0,0,0,0,0,0,0,0,1
0,0,0,0,0,0,0,2,0,0,0,0,0,0,0,0,0,0,7
0,0,0,70,0,0,0,0,0,0,0,0,0,0,0,0,1,0,3
0,0,0,0,0,0,0,14,0,0,0,0,0,0,0,0,0,0,7
0,0,1,0,19,0,0,0,0,0,0,0,0,0,0,0,0,0,4
0,0,0,1,0,0,0,0,6,0,0,0,0,0,0,0,0,0,8
0,0,0,0,0,0,0,19,0,0,0,0,0,0,0,0,0,0,7
1,0,0,0,0,0,0,0,0,0,0,0,0,0,0,0,0,0,0
0,0,13,0,0,0,0,0,0,0,0,0,0,0,0,0,0,0,2
0,0,0,108,0,0,0,0,0,0,0,0,0,0,0,0,0,0,3
0,0,0,51,0,0,0,0,0,0,0,0,0,0,0,0,0,0,3
0,0,1,3,0,0,0,0,59,0,0,0,0,0,0,0,0,0,8
0,0,0,1,0,0,0,0,18,0,0,0,0,0,0,0,0,0,8
0,3,1,0,0,0,0,0,0,0,0,0,0,0,0,0,0,0,1
0,0,0,0,0,0,0,4,0,0,0,0,0,0,0,0,0,0,7
1,0,0,0,0,0,0,0,0,0,0,0,0,0,0,0,0,0,0
12,0,0,0,0,0,0,0,0,0,0,0,0,0,0,0,0,0,0
0,0,0,1,0,0,0,0,44,0,0,0,0,0,0,0,0,0,8
0,0,0,0,0,0,0,24,0,0,0,0,0,0,0,0,0,0,7
0,0,0,86,0,0,0,0,0,0,0,0,0,0,0,0,0,0,3
0,20,0,0,0,0,0,0,0,0,0,0,0,0,0,0,0,0,1
0,0,1,0,0,0,0,0,0,0,0,0,0,0,0,0,0,0,2
0,0,0,0,0,0,0,2,0,0,0,0,0,0,0,0,0,0,7
0,0,0,0,0,0,0,0,0,0,0,6,0,0,0,0,0,0,11
0,0,0,0,0,0,0,0,0,0,0,5,0,0,0,0,0,0,11
0,0,0,0,0,0,0,5,0,0,0,0,0,0,0,0,0,0,7
0,51,2,0,0,0,0,0,0,0,0,0,0,0,0,0,0,0,1
1,0,0,0,0,0,0,0,0,0,0,0,0,0,0,0,0,0,0
0,0,0,0,0,0,0,6,0,0,0,0,0,0,0,0,0,0,7
0,0,0,1,0,0,0,0,1,0,0,0,0,0,0,0,8,0,16
0,14,1,0,0,0,0,0,0,0,0,0,0,0,0,0,0,0,1
1,0,0,0,0,0,0,0,0,0,0,0,0,0,0,0,0,0,0
0,28,1,0,0,0,0,0,0,0,0,0,0,0,0,0,0,0,1
0,0,0,69,0,0,0,0,0,0,0,0,0,0,0,0,0,0,3
0,0,5,0,0,0,0,0,0,0,0,0,0,0,0,0,0,0,2
0,0,1,0,0,0,0,0,0,0,0,0,0,8,0,0,0,0,13
0,0,0,0,0,0,0,0,0,0,0,8,0,0,0,0,0,0,11
0,0,0,3,0,0,0,0,0,0,0,0,0,0,0,0,0,0,3
0,50,1,0,0,0,0,0,0,0,0,0,0,0,0,0,0,0,1
0,0,0,2,0,0,0,0,6,0,0,0,0,0,0,0,0,0,8
10,0,0,0,0,0,0,0,0,0,0,0,0,0,0,0,0,0,0
0,0,6,0,0,0,0,0,0,0,0,0,0,0,0,0,0,0,2
0,0,0,1,0,0,0,0,25,0,0,0,0,0,0,0,0,0,8
0,36,1,0,0,0,0,0,0,0,0,0,0,0,0,0,0,0,1
0,0,0,1,0,0,0,0,4,0,0,0,0,0,0,0,0,0,8
0,0,5,0,0,0,0,0,0,0,0,0,0,0,0,0,0,0,2
0,0,0,1,0,0,0,0,6,0,0,0,0,0,0,0,0,0,8
0,0,88,0,0,0,0,0,0,0,0,0,0,0,0,0,0,0,2
0,0,47,0,0,0,0,0,0,0,0,0,0,0,0,0,0,0,2
0,0,4,0,0,0,0,0,0,0,0,0,0,0,0,0,0,0,2
0,0,0,0,0,0,0,0,0,0,0,1,0,0,0,0,0,0,11
0,11,0,0,0,0,0,0,0,0,0,0,0,0,0,0,0,0,1
0,0,0,0,0,0,0,4,0,0,0,0,0,0,0,0,0,0,7
0,0,2,0,0,0,0,0,0,0,0,0,110,0,0,0,0,0,12
0,0,1,0,0,0,0,0,0,0,0,0,9,0,0,0,0,0,12
0,0,51,0,0,0,0,0,0,0,0,0,0,0,0,0,0,0,2
0,0,31,0,0,0,0,0,0,0,0,0,0,0,0,0,0,0,2
0,1,0,0,0,0,0,0,0,16,0,0,0,0,0,0,0,0,9
0,0,1,0,0,0,0,0,0,0,0,0,46,0,0,0,0,0,12
1,0,0,1,0,0,0,0,10,0,0,0,0,0,0,0,0,0,8
0,0,0,94,0,0,0,0,0,0,0,0,0,0,0,0,0,0,3
0,0,0,0,0,0,0,2,0,0,0,0,0,0,0,0,0,0,7
0,12,2,0,0,0,0,0,0,0,0,0,0,0,0,0,0,0,1
0,0,5,0,0,0,0,0,0,0,0,0,0,0,0,0,0,0,2
0,0,0,0,0,0,0,0,0,0,0,22,0,0,0,0,0,0,11
0,0,1,1,0,0,0,0,1,0,0,0,0,0,0,0,0,0,8
0,0,9,0,0,0,0,0,0,0,0,0,0,0,0,0,0,0,2
0,0,15,0,0,0,0,0,0,0,0,0,0,0,0,0,0,0,2
0,0,0,0,0,0,0,6,0,0,0,0,0,0,0,0,0,0,7
0,2,0,0,0,0,0,0,0,9,0,0,0,0,0,0,0,0,9
0,4,23,0,0,0,0,0,0,0,0,0,0,0,0,0,0,0,2
10,0,0,0,0,0,0,0,0,0,0,0,0,0,0,0,0,0,0
0,0,0,1,0,0,0,0,0,0,0,0,0,0,0,0,0,0,17
6,1,0,0,0,0,0,0,0,0,0,0,0,0,0,0,0,0,0
0,0,31,0,0,0,0,0,0,0,0,0,0,0,0,0,0,0,2
0,1,0,0,0,0,0,0,0,0,0,0,0,0,0,0,0,0,1
0,0,0,3,0,0,0,0,26,0,0,0,0,0,0,0,0,0,8
0,4,1,0,0,0,0,0,0,0,0,0,0,0,0,0,0,0,1
0,0,26,0,0,0,0,0,0,0,0,0,0,0,0,0,0,0,2
0,0,0,0,0,0,0,0,0,0,8,0,0,0,0,0,0,0,10
0,0,21,0,0,0,0,0,0,0,0,0,0,0,0,0,0,0,2
0,0,0,1,0,0,0,0,22,0,0,0,0,0,0,0,0,0,8
22,0,0,0,0,0,0,0,0,0,0,0,0,0,0,0,0,0,0
4,0,0,0,0,0,0,0,0,0,0,0,0,0,0,0,0,0,0
0,0,0,0,0,0,0,15,0,0,0,0,0,0,0,0,0,0,7
0,0,0,0,0,0,0,14,0,0,0,0,0,0,0,0,0,0,7
0,10,0,0,0,0,0,0,0,0,0,0,0,0,0,0,0,0,1
1,0,0,4,0,0,0,0,66,0,0,0,0,0,0,0,0,0,8
17,0,0,0,0,0,0,0,0,0,0,0,0,0,0,0,0,0,0
0,0,0,1,0,0,0,0,17,0,0,0,0,0,0,0,0,0,8
0,0,1,0,0,0,0,0,0,0,0,0,31,0,0,0,0,0,12
1,0,0,0,0,0,0,0,0,0,0,0,0,0,0,0,0,0,0
0,0,0,15,0,0,0,0,0,0,0,0,0,0,0,0,0,0,3
0,0,46,0,0,0,0,0,0,0,0,0,0,0,0,0,0,0,2
0,0,0,0,0,0,0,2,0,0,0,0,0,0,0,0,0,0,7
0,0,0,0,0,0,0,19,0,0,0,0,0,0,0,0,0,0,7
0,0,0,0,0,0,0,0,0,0,0,11,0,0,0,0,0,0,11
0,0,0,0,0,0,0,16,0,0,0,0,0,0,0,0,0,0,7
0,50,7,0,0,0,0,0,0,0,0,0,0,0,0,0,0,0,1
0,0,1,0,0,0,0,0,0,0,0,0,17,0,0,0,0,0,12
0,0,37,0,0,0,0,0,0,0,0,0,0,0,0,0,0,0,2
0,0,0,0,0,0,0,9,0,0,0,0,0,0,0,0,0,0,7
7,0,0,0,0,0,0,0,0,0,0,0,0,0,0,0,0,0,0
0,0,1,0,0,0,0,0,0,0,0,0,2,0,0,0,0,0,12
0,0,1,0,0,0,0,0,0,0,0,0,0,0,0,0,0,0,2
0,0,1,2,0,0,0,0,10,0,0,0,0,0,0,0,0,0,8
0,0,0,0,0,0,0,14,0,0,0,0,0,0,0,0,0,0,7
4,0,0,0,0,0,0,0,0,0,0,0,0,0,0,0,0,0,0
0,0,0,22,0,0,0,0,1,0,0,0,0,0,0,0,0,0,3
0,0,3,0,0,0,0,0,0,0,0,0,0,0,0,0,0,0,2
0,0,1,0,0,0,0,0,0,0,0,0,0,0,0,0,0,0,12
0,0,20,0,0,0,0,0,0,0,0,0,0,0,0,0,0,0,2
0,0,48,0,0,0,0,0,0,0,0,0,0,0,0,0,0,0,2
0,0,0,0,0,0,0,1,0,0,0,0,0,0,0,0,0,0,7
0,58,1,0,0,0,0,0,0,0,0,0,0,0,0,0,0,0,1
0,0,0,20,0,0,0,0,0,0,0,0,0,0,0,0,0,0,3
0,0,74,0,0,0,0,0,0,0,0,0,0,0,0,0,0,0,2
0,0,0,1,0,0,0,0,14,0,0,0,0,0,0,0,0,0,8
0,0,2,0,0,0,0,0,0,0,0,0,0,0,0,0,0,0,2
0,0,0,8,0,0,0,0,18,0,0,0,0,0,0,0,0,0,3
0,6,0,0,0,0,0,0,0,0,0,0,0,0,0,0,0,0,1
0,0,7,0,0,0,0,0,0,0,0,0,0,0,0,0,0,0,2
0,0,0,1,0,0,0,0,25,0,0,0,0,0,0,0,0,0,8
0,0,1,0,6,0,0,0,0,0,0,0,0,0,0,0,0,0,4
0,0,0,1,0,0,0,0,0,0,0,0,0,0,0,0,0,0,3
0,0,25,0,0,0,0,0,0,0,0,0,0,0,0,0,0,0,2
0,0,147,0,0,0,0,0,0,0,0,0,0,0,0,0,0,0,2
0,0,4,0,0,0,0,0,0,0,0,0,0,0,0,0,0,0,2
0,0,0,1,0,0,0,0,31,0,0,0,0,0,0,0,0,0,8
0,0,5,0,0,0,0,0,0,0,0,0,0,0,0,0,0,0,2
0,0,0,0,0,0,0,0,0,0,0,15,0,0,0,0,0,0,11
0,0,44,0,0,0,0,0,0,0,0,0,0,0,0,0,0,0,2
0,0,51,0,0,0,0,0,0,0,0,0,0,0,0,0,0,0,2
0,0,0,89,0,0,0,0,0,0,0,0,0,0,0,0,0,0,3
0,0,2,0,0,0,0,0,0,0,0,0,41,0,0,0,0,0,12
0,0,0,0,0,0,0,14,0,0,0,0,0,0,0,0,0,0,7
0,0,0,0,0,0,0,37,0,0,0,0,0,0,0,0,0,0,7
0,0,0,0,0,0,0,0,0,0,6,0,0,0,0,0,0,0,10
0,0,0,0,0,0,0,4,0,0,0,0,0,0,0,0,0,0,7
0,0,16,0,0,0,0,0,0,0,0,0,0,0,0,0,0,0,2
0,1,0,0,0,0,0,0,0,8,0,0,0,0,0,0,0,0,9
0,0,12,0,0,0,0,0,0,0,0,0,0,0,0,0,0,0,2
0,3,0,0,0,0,0,0,0,0,0,0,0,0,0,0,0,0,1
0,0,1,0,0,0,0,0,0,0,0,0,11,0,0,0,0,0,12
0,0,1,3,0,0,0,0,47,0,0,0,0,0,0,0,2,0,8
0,0,0,41,0,0,0,0,0,0,0,0,0,0,0,0,0,0,3
0,0,0,1,0,0,0,0,23,0,0,0,0,0,0,0,0,0,8
0,0,0,0,0,0,0,6,0,0,0,0,0,0,0,0,0,0,7
5,0,0,0,0,0,0,0,0,0,0,0,0,0,0,0,0,0,0
0,38,0,0,0,0,0,0,0,0,0,0,0,0,0,0,0,0,1
0,50,1,0,0,0,0,0,0,0,0,0,0,0,0,0,0,0,1
0,0,0,0,0,0,0,0,0,0,0,39,0,0,0,0,0,0,11
0,0,0,0,0,0,0,0,0,0,0,8,0,0,0,0,0,0,11
0,0,0,31,0,0,0,0,1,0,0,0,0,0,0,0,0,0,3
0,43,1,0,0,0,0,0,0,0,0,0,0,0,0,0,0,0,1
1,0,34,0,0,0,0,0,2,0,0,0,0,0,0,0,0,0,2
0,1,29,0,0,0,0,1,0,0,0,0,0,0,0,0,0,0,2
0,0,1,0,0,0,0,0,0,0,0,0,0,0,0,0,0,0,2
0,1,28,0,0,0,0,0,0,0,0,0,0,0,0,0,0,0,2
0,0,121,0,0,0,0,0,0,0,0,0,0,0,0,0,0,0,2
0,0,0,8,0,0,0,0,4,0,0,0,0,0,0,0,0,0,3
0,0,0,93,0,0,0,0,0,0,0,0,0,0,0,0,0,0,3
0,0,63,0,1,0,0,0,0,0,0,0,0,0,0,0,0,0,2
0,0,0,9,0,0,0,0,0,0,0,0,0,0,0,0,0,0,3
0,0,1,0,0,0,0,0,0,0,0,0,34,0,0,0,0,0,12
0,0,12,0,0,0,0,0,0,0,0,0,0,0,0,0,0,0,2
0,0,18,0,0,0,0,0,0,0,0,0,0,0,0,0,0,0,2
0,13,1,0,0,0,0,0,0,0,0,0,0,0,0,0,0,0,1
1,0,0,9,0,0,0,0,116,0,0,0,0,0,0,0,0,0,8
0,14,5,0,0,0,0,0,0,0,0,0,0,0,0,0,0,0,1
0,0,22,0,0,0,0,0,0,0,0,0,0,0,0,0,0,0,2
0,0,0,0,0,0,0,0,0,0,0,4,0,0,0,0,0,0,11
9,0,0,0,0,0,0,0,0,0,0,0,0,0,0,0,0,0,0
0,0,1,0,0,0,0,0,0,0,0,0,0,0,4,0,0,0,14
0,0,2,0,0,0,0,0,0,0,0,0,59,0,0,0,0,0,12
0,60,1,0,0,0,0,0,0,0,0,0,0,0,0,0,0,0,1
0,0,1,0,0,0,0,0,0,0,0,0,0,0,0,0,0,0,2
0,0,1,0,0,0,0,0,0,0,0,0,17,0,0,0,0,0,12
0,0,0,0,0,0,0,0,0,0,0,10,0,0,0,0,0,0,11
0,0,26,0,0,0,0,0,0,0,0,0,0,0,0,0,0,0,2
0,0,3,0,0,0,0,0,0,0,0,0,0,0,0,0,0,0,2
0,0,3,0,0,0,0,0,0,0,0,0,0,0,0,0,0,0,2
19,0,0,0,0,0,0,0,0,0,0,0,0,0,0,0,0,0,0
0,0,35,0,0,0,0,0,0,0,0,0,0,0,0,0,0,0,2
0,0,7,0,0,0,0,0,0,0,0,0,0,0,0,0,0,0,2
0,0,0,0,0,0,0,24,0,0,0,0,0,0,0,0,0,0,7
0,0,0,1,0,0,0,0,8,0,0,0,0,0,0,0,0,0,8
0,0,0,1,0,0,0,0,6,0,0,0,0,0,0,0,0,0,8
0,0,0,0,0,0,0,0,0,0,0,7,0,0,0,0,0,0,11
1,0,0,0,0,0,0,0,0,0,0,0,0,0,0,0,0,0,0
0,11,2,0,0,0,0,0,0,0,0,0,0,0,0,0,0,0,1
0,1,1,0,0,0,0,0,0,0,0,0,0,0,0,0,0,0,1
0,0,0,2,0,0,0,0,24,0,0,0,0,0,0,0,0,0,8
0,0,0,0,0,0,0,0,0,0,1,0,0,0,0,0,0,0,10
0,0,0,10,0,0,0,0,79,0,0,0,0,0,0,0,2,0,8
0,19,1,0,0,0,0,0,0,0,0,0,0,0,0,0,0,0,1
32,0,0,0,0,0,0,0,0,0,0,0,0,0,0,0,0,0,0
0,0,0,68,0,0,0,0,0,0,0,0,0,0,0,0,0,0,3
1,0,1,3,0,0,0,0,17,0,0,0,0,0,0,0,0,0,8
0,0,0,0,0,0,0,15,0,0,0,0,0,0,0,0,0,0,7
0,0,9,0,0,0,0,1,0,0,0,0,0,0,0,0,0,0,2
0,0,37,0,0,0,0,0,0,0,0,0,0,0,0,0,0,0,2
0,8,0,0,0,0,0,0,0,0,0,0,0,0,0,0,0,0,1
0,0,0,169,0,0,0,0,0,0,0,0,0,0,0,0,0,0,3
0,0,1,0,0,0,0,0,0,0,0,0,3,0,0,0,0,0,12
0,0,0,0,0,0,0,3,0,0,0,0,0,0,0,0,0,0,7
1,0,0,0,0,0,0,0,0,0,0,0,0,0,0,0,0,0,0
0,0,0,0,0,0,0,0,0,0,0,13,0,0,0,0,0,0,11
0,0,9,0,0,0,0,0,0,0,0,0,0,0,0,0,0,0,2
0,0,0,1,0,0,0,0,10,0,0,0,0,0,0,0,0,0,8
1,0,0,3,0,0,0,0,50,0,0,0,0,0,0,0,0,0,8
0,10,0,0,0,0,0,0,0,0,0,0,0,0,0,0,0,0,1
4,1,0,0,0,0,0,0,0,0,0,0,0,0,0,0,0,0,1
1,0,0,1,0,0,0,0,11,0,0,0,0,0,0,0,0,0,8
0,0,0,1,0,0,0,0,8,0,0,0,0,0,0,0,0,0,8
0,0,0,0,0,0,0,4,0,0,0,0,0,0,0,0,0,0,7
0,24,4,0,0,0,0,0,0,0,0,0,0,0,0,0,0,0,1
0,0,1,0,0,0,0,0,0,0,0,0,10,0,0,0,0,0,12
0,0,1,0,0,0,0,0,0,0,0,0,0,0,0,0,0,0,4
0,0,43,0,0,0,0,0,0,0,0,0,0,0,0,0,0,0,2
0,0,1,0,0,0,0,0,0,0,0,0,1,0,0,0,0,0,12
1,0,0,0,0,0,0,0,0,0,0,0,0,0,0,0,0,0,0
3,0,0,0,0,0,0,0,0,0,0,0,0,0,0,0,0,0,0
37,0,0,0,0,0,0,0,0,0,0,0,0,0,0,0,0,0,0
0,33,1,0,0,0,0,0,0,0,0,0,0,0,0,0,0,0,1
0,11,0,0,0,0,0,0,0,0,0,0,0,0,0,0,0,0,1
0,0,0,0,0,0,0,1,0,0,0,0,0,0,0,0,0,0,7
0,0,0,0,0,0,0,0,0,0,0,6,0,0,0,0,0,0,11
0,0,0,1,0,0,0,0,0,0,0,0,0,0,0,0,0,0,8
0,0,0,1,0,0,0,0,17,0,0,0,0,0,0,0,0,0,8
0,6,0,0,0,0,0,0,0,0,0,0,0,0,0,0,0,0,1
0,0,1,0,0,0,0,0,0,0,0,0,0,0,0,0,0,0,5
0,29,2,0,0,0,0,0,0,0,0,0,0,0,0,0,0,0,1
0,0,81,0,0,0,0,0,0,0,0,0,0,0,0,0,0,0,2
0,0,0,0,0,0,0,44,0,0,0,0,0,0,0,0,0,0,7
0,1,20,0,0,0,0,0,0,0,0,0,0,0,0,0,0,0,2
0,0,0,8,0,0,0,0,0,0,0,0,0,0,0,0,1,0,3
0,0,2,0,0,0,0,0,0,0,0,0,3,0,0,0,0,0,12
0,0,6,0,0,0,0,0,0,0,0,0,0,0,0,0,0,0,2
0,1,0,0,0,0,0,0,0,0,0,0,0,0,0,0,0,0,1
0,0,2,0,6,0,0,0,0,0,0,0,0,0,0,0,0,0,4
0,0,24,0,0,0,0,0,0,0,0,0,0,0,0,0,0,0,2
0,0,0,0,0,0,0,11,0,0,0,0,0,0,0,0,0,0,7
0,0,1,0,0,0,0,0,0,0,0,0,0,0,0,0,0,0,2
0,0,5,0,0,0,0,0,0,0,0,0,0,0,0,0,0,0,2
0,0,1,0,0,0,0,0,0,0,0,0,0,0,0,0,0,0,2
0,0,0,1,0,0,0,0,11,0,0,0,0,0,0,0,0,0,8
0,0,0,5,0,0,0,0,37,0,0,0,0,0,0,0,0,0,8
0,0,1,0,0,0,0,0,0,0,0,0,0,0,0,0,0,0,14
0,0,107,0,0,0,0,0,0,0,0,0,0,0,0,0,0,0,2
7,0,0,0,0,0,0,0,0,0,0,0,0,0,0,0,0,0,0
35,0,0,0,0,0,0,0,0,0,0,0,0,0,0,0,0,0,0
0,0,0,0,0,0,0,9,0,0,0,0,0,0,0,0,0,0,7
0,0,6,0,0,0,0,0,0,0,0,0,0,0,0,0,0,0,2
0,0,0,0,0,0,0,0,0,0,0,6,0,0,0,0,0,0,11
0,0,0,0,0,0,0,5,0,0,0,0,0,0,0,0,0,0,7
0,0,22,0,0,0,0,0,0,0,0,0,0,0,0,0,0,0,2
0,1,0,0,0,0,0,0,0,0,0,0,0,0,0,0,0,0,1
0,0,0,0,0,0,0,5,0,0,0,0,0,0,0,0,0,0,7
0,0,0,1,0,0,0,0,1,0,0,0,0,0,0,0,0,0,8
0,29,1,0,0,0,0,0,0,0,0,0,0,0,0,0,0,0,1
0,14,2,0,0,0,0,0,0,0,0,0,0,0,0,0,0,0,1
0,0,0,0,0,0,0,0,0,0,5,0,0,0,0,0,0,0,10
0,0,0,0,0,0,0,1,0,0,0,0,0,0,0,0,0,0,7
0,0,108,0,0,0,0,0,0,0,0,0,0,0,0,0,0,0,2
0,0,0,1,0,0,0,0,11,0,0,0,0,0,0,0,0,0,8
0,0,7,0,0,0,0,0,0,0,0,0,0,0,0,0,0,0,2
53,0,0,0,0,0,0,0,0,0,0,0,0,0,0,0,0,0,0
0,0,9,0,0,0,0,0,0,0,0,0,0,0,0,0,0,0,2
0,0,2,0,0,0,0,0,0,0,0,0,39,0,0,0,0,0,12
0,0,0,0,0,0,0,0,0,0,0,7,0,0,0,0,0,0,11
0,0,0,1,0,0,0,0,1,0,0,0,0,0,0,0,0,0,8
0,0,5,0,0,0,0,0,0,0,0,0,0,0,0,0,0,0,2
0,0,4,0,0,0,0,0,0,0,0,0,0,0,0,0,0,0,2
1,0,1,3,0,0,0,0,54,0,0,0,0,0,0,0,0,0,8
0,0,50,0,0,0,0,0,0,0,0,0,0,0,0,0,0,0,2
0,0,1,0,0,0,0,0,0,0,0,0,0,0,0,0,0,0,1
1,1,0,0,0,0,0,0,0,0,0,0,0,0,0,0,0,0,0
0,1,0,0,0,0,0,0,0,0,0,0,0,0,0,0,0,0,1
0,0,2,0,0,0,0,0,0,0,0,0,0,0,0,0,0,0,2
0,0,0,0,0,0,0,1,0,0,0,0,0,0,0,0,0,0,7
0,0,26,0,0,0,0,0,0,0,0,0,0,0,0,0,0,0,2
0,0,0,0,0,0,0,0,0,0,1,0,0,0,0,0,0,0,10
0,1,1,0,0,0,0,0,0,0,0,0,0,0,0,0,0,0,1
0,0,4,0,0,0,0,0,0,0,0,0,0,0,0,0,0,0,2
0,0,46,0,0,0,0,0,0,0,0,0,0,0,0,0,0,0,2
0,0,0,0,0,0,0,12,0,0,0,0,0,0,0,0,0,0,7
0,7,6,0,0,0,0,0,0,0,0,0,0,0,0,0,0,0,2
14,0,0,0,0,0,0,0,0,0,0,0,0,0,0,0,0,0,0
0,1,0,0,0,0,0,0,0,7,0,0,0,0,0,0,0,0,9
2,0,0,0,0,0,0,0,0,0,0,0,0,0,0,0,0,0,0
0,1,18,0,0,0,0,0,0,0,0,0,0,0,0,0,0,0,2
0,0,0,84,0,0,0,0,7,0,0,0,0,0,0,0,0,0,3
0,0,0,0,0,0,0,3,0,0,0,0,0,0,0,0,0,0,7
0,0,0,0,0,0,0,1,0,0,0,0,0,0,0,0,0,0,7
0,0,1,0,0,0,0,0,0,0,0,0,29,0,0,0,0,0,12
0,0,1,0,0,0,0,0,0,0,0,0,26,0,0,0,0,0,12
0,0,0,0,0,0,0,5,0,0,0,0,0,0,0,0,0,0,7
0,0,6,0,0,0,0,0,0,0,0,0,0,0,0,0,0,0,2
0,0,0,9,0,0,0,0,2,0,0,0,0,0,0,0,0,0,3
0,0,0,0,0,0,0,23,0,0,0,0,0,0,0,0,0,0,7
0,0,0,195,0,0,0,0,2,0,0,0,0,0,0,0,0,0,3
0,0,0,138,0,0,0,0,0,0,0,0,0,0,0,0,0,0,3
0,0,0,2,0,0,0,0,3,0,0,0,0,0,0,0,7,0,16
0,31,1,0,0,0,0,0,0,0,0,0,0,0,0,0,0,0,1
0,0,0,0,0,0,0,3,0,0,0,0,0,0,0,0,0,0,7
0,12,1,0,0,0,0,0,0,0,0,0,0,0,0,0,0,0,1
0,0,20,0,0,0,0,0,0,0,0,0,0,0,0,0,0,0,2
0,0,5,0,0,0,0,0,0,0,0,0,0,0,0,0,0,0,2
0,19,0,0,0,0,0,0,0,0,0,0,0,0,0,0,0,0,1
0,0,2,0,0,0,0,0,0,0,0,0,0,0,0,0,0,0,2
0,0,0,0,0,0,0,8,0,0,0,0,0,0,0,0,0,0,7
0,0,15,0,0,0,0,0,0,0,0,0,0,0,0,0,0,0,2
0,0,4,0,0,0,0,0,0,0,0,0,0,0,0,0,0,0,2
0,0,0,1,0,0,0,0,8,0,0,0,0,0,0,0,0,0,8
3,0,0,0,0,0,0,0,0,0,0,0,0,0,0,0,0,0,0
0,0,0,0,0,0,0,14,0,0,0,0,0,0,0,0,0,0,7
0,0,0,112,0,0,0,0,0,0,0,0,0,0,0,0,0,0,3
0,0,0,0,0,0,0,0,0,0,0,4,0,0,0,0,0,0,11
0,0,0,0,0,0,0,4,0,0,0,0,0,0,0,0,0,0,7
0,0,1,8,0,0,0,0,110,0,0,0,0,0,0,0,0,0,8
0,0,1,2,0,0,0,0,8,0,0,0,0,0,0,0,0,0,8
1,0,0,5,0,0,0,0,50,0,0,0,0,0,0,0,0,0,8
0,0,1,0,0,0,0,0,0,0,0,0,4,0,0,0,0,0,12
0,0,1,0,0,0,0,0,0,0,0,0,7,0,0,0,0,0,12
0,0,12,0,0,0,0,0,0,0,0,0,0,0,0,0,0,0,2
0,18,1,0,0,0,0,0,0,0,0,0,0,0,0,0,0,0,1
1,0,1,3,0,0,0,0,93,0,0,0,0,0,0,0,0,0,8
0,0,0,1,0,0,0,0,17,0,0,0,0,0,0,0,0,0,8
0,0,0,1,0,0,0,0,1,0,0,0,0,0,0,0,0,0,8
0,0,0,0,0,0,0,21,0,0,0,0,0,0,0,0,0,0,7
0,11,2,0,0,0,0,0,0,0,0,0,0,0,0,0,0,0,1
1,0,1,3,0,0,0,0,25,0,0,0,0,0,0,0,0,0,8
0,28,2,0,0,0,0,0,0,0,0,0,0,0,0,0,0,0,1
0,3,1,0,0,0,0,0,0,0,0,0,0,0,0,0,0,0,1
0,0,0,3,0,0,0,0,9,0,0,0,0,0,0,0,0,0,8
0,0,3,0,0,0,0,0,0,0,0,0,0,0,0,0,0,0,2
0,0,0,0,0,0,0,0,0,0,0,9,0,0,0,0,0,0,11
0,0,3,0,0,0,0,0,0,0,0,0,26,0,0,0,0,0,12
0,0,1,0,0,0,0,0,0,0,0,0,0,0,7,0,0,0,14
0,0,0,0,0,0,0,0,0,0,0,13,0,0,0,0,0,0,11
0,0,0,0,0,0,0,3,0,0,0,0,0,0,0,0,0,0,7
0,0,1,15,0,0,0,0,75,0,0,0,0,0,0,0,0,0,8
0,0,0,1,0,0,0,0,0,0,0,0,0,0,0,0,1,0,16
0,0,0,1,0,0,0,0,4,0,0,0,0,0,0,0,0,0,8
0,25,1,0,0,0,0,0,0,0,0,0,0,0,0,0,0,0,1
0,32,1,0,0,0,0,0,0,0,0,0,0,0,0,0,0,0,1
0,0,0,1,0,0,0,0,30,0,0,0,0,0,0,0,0,0,8
0,1,0,0,0,0,0,0,0,0,9,0,0,0,0,0,0,0,10
0,0,0,0,0,0,0,2,0,0,0,0,0,0,0,0,0,0,7
3,0,0,0,0,0,0,0,0,0,0,0,0,0,0,0,0,0,0
1,0,0,0,0,0,0,0,0,0,0,0,0,0,0,0,0,0,0
0,0,53,0,0,0,0,0,0,0,0,0,0,0,0,0,0,0,2
1,0,0,0,0,0,0,0,0,0,0,0,0,0,0,0,0,0,0
0,0,0,137,0,0,0,0,0,0,0,0,0,0,0,0,0,0,3
0,0,23,0,0,0,0,0,0,0,0,0,0,0,0,0,0,0,2
0,9,1,0,0,0,0,0,0,0,0,0,0,0,0,0,0,0,1
0,17,1,0,0,0,0,0,0,0,0,0,0,0,0,0,0,0,1
0,0,1,0,0,0,0,0,0,0,0,0,0,0,0,3,0,0,15
0,0,1,0,0,0,0,0,0,0,0,0,52,0,0,0,0,0,12
0,20,0,0,0,0,0,0,0,0,0,0,0,0,0,0,0,0,1
1,0,0,8,0,0,0,0,76,0,0,0,0,0,0,0,0,0,8
0,0,7,0,0,0,0,0,0,0,0,0,0,0,0,0,0,0,2
0,0,1,0,0,0,0,0,0,0,0,0,3,0,0,0,0,0,12
0,0,0,1,0,0,0,0,6,0,0,0,0,0,0,0,0,0,8
0,0,0,1,0,0,0,0,19,0,0,0,0,0,0,0,0,0,8
1,0,0,0,0,0,0,0,0,0,0,0,0,0,0,0,0,0,0
0,0,6,0,0,0,0,0,0,0,0,0,0,0,0,0,0,0,2
0,13,3,0,0,0,0,0,0,0,0,0,0,0,0,0,0,0,1
1,0,1,6,0,0,0,0,87,0,0,0,0,0,0,0,0,0,8
0,0,1,0,0,0,0,0,0,0,0,0,0,0,0,0,0,0,2
0,0,0,0,0,0,0,0,0,0,0,2,0,0,0,0,0,0,11
0,0,88,0,0,0,0,0,0,0,0,0,0,0,0,0,0,0,2
0,0,0,1,0,0,0,0,18,0,0,0,0,0,0,0,0,0,8
9,0,0,0,0,0,0,0,0,0,0,0,0,0,0,0,0,0,0
0,0,3,0,0,0,0,0,0,0,0,0,17,0,0,0,0,0,12
0,0,31,0,0,0,0,0,1,0,0,0,0,0,0,0,0,0,2
0,0,21,0,0,0,0,0,0,0,0,0,0,0,0,0,0,0,2
0,9,1,0,0,0,0,0,0,0,0,0,0,0,0,0,0,0,1
0,2,0,0,0,0,0,0,0,0,0,0,0,0,0,0,0,0,1
13,0,0,0,0,0,0,0,0,0,0,0,0,0,0,0,0,0,0
0,0,17,0,0,0,0,0,0,0,0,0,0,0,0,0,0,0,2
0,24,0,0,0,0,0,0,0,0,0,0,0,0,0,0,0,0,1
1,0,1,5,0,0,0,0,79,0,0,0,0,0,0,0,0,0,8
0,3,1,0,0,0,0,0,0,0,0,0,0,0,0,0,0,0,1
0,0,7,0,0,0,0,0,0,0,0,0,0,0,0,0,0,0,2
0,0,1,0,0,0,0,0,0,0,0,0,0,0,0,0,0,0,2
0,0,1,0,0,0,0,0,0,0,0,0,0,0,0,0,0,0,2
0,0,50,0,0,0,0,0,0,0,0,0,0,0,0,0,0,0,2
0,0,1,0,0,0,0,0,0,0,0,0,0,0,0,0,0,0,2
0,0,26,0,0,0,0,0,0,0,0,0,0,0,0,0,0,0,2
0,0,0,0,0,0,0,17,0,0,0,0,0,0,0,0,0,0,7
0,0,0,1,0,0,0,0,22,0,0,0,0,0,0,0,0,0,8
0,0,0,1,0,0,0,0,1,0,0,0,0,0,0,0,0,0,8
0,0,0,1,0,0,0,0,5,0,0,0,0,0,0,0,0,0,8
0,0,6,0,0,0,0,0,0,0,0,0,0,0,0,0,0,0,2
0,0,11,0,0,0,0,0,0,0,0,0,0,0,0,0,0,0,2
0,0,6,0,0,0,0,0,0,0,0,0,0,0,0,0,0,0,2
0,0,2,0,0,0,0,0,0,0,0,0,0,0,0,0,0,0,2
0,1,3,0,0,0,0,0,0,0,0,0,0,0,0,0,0,0,2
3,0,0,0,0,0,0,0,0,0,0,0,0,0,0,0,0,0,0
0,0,0,0,0,0,0,12,0,0,0,0,0,0,0,0,0,0,7
0,9,0,0,0,0,0,0,0,0,0,0,0,0,0,0,0,0,1
0,1,128,0,0,0,0,0,0,0,0,0,0,0,0,0,0,0,2
0,0,0,1,0,0,0,0,0,0,0,0,0,0,0,0,0,0,8
0,0,116,0,0,0,0,0,0,0,0,0,0,0,0,0,0,0,2
0,4,0,0,0,0,0,0,0,0,0,0,0,0,0,0,0,0,1
0,9,0,0,0,0,0,0,0,0,0,0,0,0,0,0,0,0,1
0,27,0,0,0,0,0,0,0,0,0,0,0,0,0,0,0,0,1
0,0,2,0,0,0,0,1,0,0,0,0,0,0,0,0,0,0,2
0,4,1,0,1,0,0,0,0,0,0,0,0,0,0,0,0,0,1
0,0,0,0,0,0,0,2,0,0,0,0,0,0,0,0,0,0,7
0,0,56,0,0,0,0,0,0,0,0,0,0,0,0,0,0,0,2
0,0,0,0,0,0,0,1,0,0,0,0,0,0,0,0,0,0,7
0,0,1,0,0,0,0,0,0,0,0,0,0,0,0,0,0,0,2
1,0,0,3,0,0,0,0,40,0,0,0,0,0,0,0,0,0,8
0,3,2,0,0,0,0,0,0,0,0,0,0,0,0,0,0,0,1
1,0,0,1,0,0,0,0,42,0,0,0,0,0,0,0,0,0,8
1,0,0,0,0,0,0,0,0,0,0,0,0,0,0,0,0,0,0
0,0,0,0,0,0,0,2,0,0,0,0,0,0,0,0,0,0,7
10,0,0,0,0,0,0,0,0,0,0,0,0,0,0,0,0,0,0
0,0,0,1,0,0,0,0,5,0,0,0,0,0,0,0,0,0,8
0,0,0,0,0,0,0,0,0,0,0,25,0,0,0,0,0,0,11
35,0,0,0,0,0,0,0,0,0,0,0,0,0,0,0,0,0,0
0,28,2,0,0,0,0,0,0,0,0,0,0,0,0,0,0,0,1
0,1,8,0,0,0,0,0,0,0,0,0,0,0,0,0,0,0,2
0,4,1,0,0,0,0,0,0,0,0,0,0,0,0,0,0,0,1
0,0,0,1,0,0,0,0,1,0,0,0,0,0,0,0,0,0,8
0,0,17,0,0,0,0,0,0,0,0,0,0,0,0,0,0,0,2
0,8,1,0,0,0,0,0,0,0,0,0,0,0,0,0,0,0,1
0,0,1,0,0,0,0,0,0,0,0,0,0,0,0,0,0,0,2
0,31,4,0,0,0,0,0,0,0,0,0,0,0,0,0,0,0,2
0,0,2,0,0,0,0,0,0,0,0,0,0,0,0,0,0,0,2
0,11,0,0,0,0,0,0,0,0,0,0,0,0,0,0,0,0,1
0,0,38,0,0,0,0,0,0,0,0,0,0,0,0,0,0,0,2
0,11,1,0,0,0,0,0,0,0,0,0,0,0,0,0,0,0,1
0,20,0,0,0,0,0,0,0,0,0,0,0,0,0,0,0,0,1
0,0,0,0,0,0,0,0,0,0,0,3,0,0,0,0,0,0,11
0,0,1,0,0,0,0,0,0,0,0,0,16,0,0,0,0,0,12
0,20,1,0,0,0,0,0,0,0,0,0,0,0,0,0,0,0,1
0,0,5,0,0,0,0,0,0,0,0,0,0,0,0,0,0,0,2
0,3,2,0,0,0,0,0,0,0,0,0,0,0,0,0,0,0,1
0,0,1,0,0,0,0,0,0,0,0,0,7,0,0,0,0,0,12
0,0,0,167,0,0,0,0,0,0,0,0,0,0,0,0,0,0,3
0,0,0,1,0,0,0,0,14,0,0,0,0,0,0,0,0,0,8
0,0,0,1,0,0,0,0,12,0,0,0,0,0,0,0,0,0,8
0,0,0,0,0,0,0,1,0,0,0,0,0,0,0,0,0,0,7
2,0,0,0,0,0,0,0,0,0,0,0,0,0,0,0,0,0,0
0,0,117,0,0,0,0,0,0,0,0,0,0,0,0,0,0,0,2
0,0,0,0,0,0,0,0,0,0,0,9,0,0,0,0,0,0,11
0,0,41,0,0,0,0,0,0,0,0,0,0,0,0,0,0,0,2
0,0,0,0,0,0,0,0,0,0,0,2,0,0,0,0,0,0,11
0,0,24,0,0,0,0,0,0,0,0,0,0,0,0,0,0,0,2
0,0,57,0,0,0,0,0,0,0,0,0,0,0,0,0,0,0,2
0,66,1,0,0,0,0,0,0,0,0,0,0,0,0,0,0,0,1
0,0,96,0,0,0,0,0,0,0,0,0,0,0,0,0,0,0,2
0,0,20,0,0,0,0,1,0,0,0,0,0,0,0,0,0,0,2
0,0,0,157,0,0,0,0,0,0,0,0,0,0,0,0,0,0,3
0,11,1,0,0,0,0,0,0,0,0,0,0,0,0,0,0,0,1
0,0,1,0,0,0,0,0,0,0,0,0,5,0,0,0,0,0,12
0,0,4,0,0,0,0,0,0,0,0,0,0,0,0,0,0,0,2
0,0,0,0,0,0,0,2,0,0,0,0,0,0,0,0,0,0,7
0,0,0,1,0,0,0,0,27,0,0,0,0,0,0,0,0,0,8
0,0,0,100,0,0,0,0,1,0,0,0,0,0,0,0,0,0,3
0,0,0,104,0,0,0,0,25,0,0,0,0,0,0,0,0,0,3
0,0,0,168,0,0,0,0,4,0,0,0,0,0,0,0,0,0,3
0,0,51,0,0,0,0,0,0,0,0,0,0,0,0,0,0,0,2
0,1,0,0,0,0,0,0,0,2,0,0,0,0,0,0,0,0,9
0,0,0,0,0,0,0,0,0,0,0,13,0,0,0,0,0,0,11
1,0,0,0,0,0,0,0,0,0,0,0,0,0,0,0,0,0,0
0,5,0,0,0,0,0,0,0,0,0,0,0,0,0,0,0,0,1
1,0,0,0,0,0,0,0,0,0,0,0,0,0,0,0,0,0,1
0,12,3,0,0,0,0,0,0,0,0,0,0,0,0,0,0,0,1
0,0,1,0,11,0,0,0,0,0,0,0,0,0,0,0,0,0,4
0,48,0,0,0,0,0,0,0,0,0,0,0,0,0,0,0,0,1
0,0,1,0,0,0,0,0,0,0,0,0,37,0,0,0,0,0,12
0,0,9,0,0,0,0,0,0,0,0,0,0,0,0,0,0,0,2
0,0,6,0,0,0,0,0,0,0,0,0,0,0,0,0,0,0,2
0,0,15,0,0,0,0,0,0,0,0,0,0,0,0,0,0,0,2
2,0,0,0,0,0,0,0,0,0,0,0,0,0,0,0,0,0,0
0,60,4,0,0,0,0,0,0,0,0,0,0,0,0,0,0,0,1
0,4,0,0,0,0,0,0,0,0,0,0,0,0,0,0,0,0,1
4,0,0,0,0,0,0,0,0,0,0,0,0,0,0,0,0,0,0
0,0,1,0,0,0,0,0,0,0,0,0,0,0,0,0,0,0,15
0,0,0,3,0,0,0,0,34,0,0,0,0,0,0,0,0,0,8
0,0,11,0,0,0,0,0,0,0,0,0,0,0,0,0,0,0,2
0,23,0,0,0,0,0,0,0,0,0,0,0,0,0,0,0,0,1
0,5,1,0,0,0,0,0,0,0,0,0,0,0,0,0,0,0,1
0,0,0,0,0,0,0,0,0,0,0,6,0,0,0,0,0,0,11
0,0,0,0,0,0,0,7,0,0,0,0,0,0,0,0,0,0,7
0,0,2,0,0,0,0,0,0,0,0,0,0,0,0,0,0,0,2
0,0,0,0,0,0,0,21,0,0,0,0,0,0,0,0,0,0,7
0,6,1,0,0,0,0,0,0,0,0,0,0,0,0,0,0,0,1
0,0,4,0,0,0,0,0,0,0,0,0,0,0,0,0,0,0,2
0,0,0,11,0,0,0,0,105,0,0,0,0,0,0,0,0,0,8
0,0,7,0,0,0,0,0,0,0,0,0,0,0,0,0,0,0,2
0,13,0,0,0,0,0,0,0,0,0,0,0,0,0,0,0,0,1
0,0,66,0,0,0,0,0,0,0,0,0,0,0,0,0,0,0,2
0,0,1,0,0,0,0,0,0,0,0,0,2,0,0,0,0,0,12
0,0,26,0,0,0,0,0,0,0,0,0,0,0,0,0,0,0,2
0,0,20,0,0,0,0,0,0,0,0,0,0,0,0,0,0,0,2
0,0,0,0,0,0,0,6,0,0,0,0,0,0,0,0,0,0,7
0,7,3,0,0,0,0,0,0,0,0,0,0,0,0,0,0,0,1
0,0,0,0,0,0,0,18,0,0,0,0,0,0,0,0,0,0,7
0,0,0,0,0,0,0,7,0,0,0,0,0,0,0,0,0,0,7
0,0,1,0,0,0,0,0,0,0,0,0,35,0,0,0,0,0,12
0,0,0,0,0,0,0,12,0,0,0,0,0,0,0,0,0,0,7
0,0,1,0,0,0,0,0,0,0,0,0,0,0,0,0,0,0,2
0,0,3,0,0,0,0,0,0,0,0,0,28,0,0,0,0,0,12
0,16,0,0,0,0,0,0,0,0,0,0,0,0,0,0,0,0,1
0,14,2,0,0,0,0,0,0,0,0,0,0,0,0,0,0,0,1
0,43,1,0,0,0,0,0,0,0,0,0,0,0,0,0,0,0,1
0,6,0,0,0,0,0,0,0,0,0,0,0,0,0,0,0,0,1
0,0,2,0,0,0,0,0,0,0,0,0,0,0,0,0,0,0,2
0,0,1,0,0,0,0,0,0,0,0,0,0,0,0,0,0,0,2
0,0,1,1,0,0,0,0,76,0,0,0,0,0,0,0,0,0,8
0,18,0,0,0,0,0,0,0,0,0,0,0,0,0,0,0,0,1
0,0,0,0,0,0,0,21,0,0,0,0,0,0,0,0,0,0,7
8,0,0,0,0,0,0,0,0,0,0,0,0,0,0,0,0,0,0
0,0,1,0,0,0,0,0,0,0,0,0,0,0,0,0,0,0,6
0,0,13,0,0,0,0,0,0,0,0,0,0,0,0,0,0,0,2
0,0,0,118,0,0,0,0,0,0,0,0,0,0,0,0,0,0,3
0,0,7,0,0,0,0,0,0,0,0,0,0,0,0,0,0,0,2
0,4,1,0,0,0,0,0,0,0,0,0,0,0,0,0,0,0,1
0,26,1,0,0,0,0,0,0,0,0,0,0,0,0,0,0,0,1
0,0,0,0,0,0,0,19,0,0,0,0,0,0,0,0,0,0,7
13,0,0,0,0,0,0,0,0,0,0,0,0,0,0,0,0,0,0
1,0,0,0,0,0,0,0,0,0,0,0,0,0,0,0,0,0,0
0,17,0,0,0,0,0,0,0,0,0,0,0,0,0,0,0,0,1
0,0,0,0,0,0,0,1,0,0,0,0,0,0,0,0,0,0,7
0,0,32,0,0,0,0,0,0,0,0,0,0,0,0,0,0,0,2
0,0,0,0,0,0,0,6,0,0,0,0,0,0,0,0,0,0,7
0,4,1,0,0,0,0,0,0,0,0,0,0,0,0,0,0,0,1
0,10,2,0,0,0,0,0,0,0,0,0,0,0,0,0,0,0,1
0,23,0,0,0,0,0,1,0,0,0,0,0,0,0,0,0,0,1
0,0,0,157,0,0,0,0,0,0,0,0,0,0,0,0,0,0,3
0,0,1,0,0,0,0,0,0,0,0,0,17,0,0,0,0,0,12
0,0,2,0,0,0,0,0,0,0,0,0,50,0,0,0,0,0,12
0,0,0,0,0,0,0,3,0,0,0,0,0,0,0,0,0,0,7
0,0,15,0,0,0,0,0,0,0,0,0,0,0,0,0,0,0,2
0,0,0,1,0,0,0,0,26,0,0,0,0,0,0,0,0,0,8
0,0,0,0,0,0,0,4,0,0,0,0,0,0,0,0,0,0,7
0,12,12,0,0,0,0,1,0,0,0,0,0,0,0,0,0,0,2
2,0,0,0,0,0,0,0,0,0,0,0,0,0,0,0,0,0,0
1,0,0,0,0,0,0,0,0,0,0,0,0,0,0,0,0,0,0
0,0,21,0,0,0,0,0,0,0,0,0,0,0,0,0,0,0,2
1,0,0,1,0,0,0,0,43,0,0,0,0,0,0,0,0,0,8
0,0,28,0,0,0,0,0,0,0,0,0,0,0,0,0,0,0,2
0,6,0,0,0,0,0,0,0,0,0,0,0,0,0,0,0,0,1
0,0,35,0,0,0,0,0,0,0,0,0,0,0,0,0,0,0,2
0,6,1,0,0,0,0,0,0,0,0,0,0,0,0,0,0,0,1
0,3,0,0,0,0,0,0,0,0,0,0,0,0,0,0,0,0,1
0,0,11,0,0,0,0,0,0,0,0,0,0,0,0,0,0,0,2
0,62,1,0,0,0,0,0,0,0,0,0,0,0,0,0,0,0,1
0,0,0,0,0,0,0,2,0,0,0,0,0,0,0,0,0,0,7
0,0,0,0,0,0,0,0,0,0,0,3,0,0,0,0,0,0,11
0,17,1,0,0,0,0,0,0,0,0,0,0,0,0,0,0,0,1
41,0,0,0,0,0,0,0,0,0,0,0,0,0,0,0,0,0,0
0,0,1,0,0,0,0,0,0,0,0,0,22,0,0,0,0,0,12
0,0,22,0,0,0,0,0,0,0,0,0,0,0,0,0,0,0,2
0,1,1,0,0,0,0,0,0,0,0,0,0,0,0,0,0,0,1
0,0,0,90,0,0,0,0,0,0,0,0,0,0,0,0,0,0,3
0,0,0,97,0,0,0,0,0,0,0,0,0,0,0,0,0,0,3
0,0,0,0,0,0,0,3,0,0,0,0,0,0,0,0,0,0,7
0,12,1,0,0,0,0,0,0,0,0,0,0,0,0,0,0,0,1
0,0,0,133,0,0,0,0,1,0,0,0,0,0,0,0,0,0,3
0,0,0,0,0,0,0,4,0,0,0,0,0,0,0,0,0,0,7
0,0,1,0,0,0,0,0,0,0,0,0,0,6,0,0,0,0,13
0,0,0,0,0,0,0,18,0,0,0,0,0,0,0,0,0,0,7
0,0,1,0,0,0,0,0,0,0,0,0,26,0,0,0,0,0,12
0,39,1,0,0,0,0,0,0,0,0,0,0,0,0,0,0,0,1
1,0,1,7,0,0,0,0,102,0,0,0,0,0,0,0,1,0,8
0,83,1,0,0,0,0,0,0,0,0,0,0,0,0,0,0,0,1
0,0,0,28,0,0,0,0,0,0,0,0,0,0,0,0,0,0,3
0,0,0,1,0,0,0,0,0,0,0,0,0,0,0,0,0,2,17
16,0,0,0,0,0,0,0,0,0,0,0,0,0,0,0,0,0,0
0,0,21,0,0,0,0,0,0,0,0,0,0,0,0,0,0,0,2
0,12,0,0,0,0,0,0,0,0,0,0,0,0,0,0,0,0,1
0,0,10,0,0,0,0,0,0,0,0,0,0,0,0,0,0,0,2
0,0,7,0,0,0,0,0,0,0,0,0,0,0,0,0,0,0,2
6,0,1,0,0,0,0,0,0,0,0,0,0,0,0,0,0,0,0
0,0,16,0,0,0,0,1,0,0,0,0,0,0,0,0,0,0,2
0,2,0,0,0,0,0,0,0,0,0,0,0,0,0,0,0,0,1
0,0,9,0,0,0,0,0,0,0,0,0,0,0,0,0,0,0,2
0,13,1,0,0,0,0,0,0,0,0,0,0,0,0,0,0,0,1
0,0,0,0,0,0,0,28,0,0,0,0,0,0,0,0,0,0,7
1,0,0,0,0,0,0,0,0,0,0,0,0,0,0,0,0,0,0
0,3,0,0,0,0,0,0,0,0,0,0,0,0,0,0,0,0,1
0,0,1,0,0,0,0,0,0,0,0,0,0,0,0,0,0,0,14
0,0,0,1,0,0,0,0,25,0,0,0,0,0,0,0,0,0,8
0,0,0,0,0,0,0,0,0,0,0,6,0,0,0,0,0,0,11
1,0,0,0,0,0,0,0,0,0,0,0,0,0,0,0,0,0,0
0,0,1,0,0,0,0,0,0,0,0,0,47,0,0,0,0,0,12
0,0,46,0,0,0,0,0,0,0,0,0,0,0,0,0,0,0,2
3,0,0,0,0,0,0,0,0,0,0,0,0,0,0,0,0,0,0
0,0,0,0,0,0,0,6,0,0,0,0,0,0,0,0,0,0,7
0,0,0,1,0,0,0,0,21,0,0,0,0,0,0,0,0,0,8
1,0,0,1,0,0,0,0,27,0,0,0,0,0,0,0,0,0,8
0,18,1,0,0,0,0,0,0,0,0,0,0,0,0,0,0,0,1
0,69,1,0,0,0,0,0,0,0,0,0,0,0,0,0,0,0,1
0,0,179,0,0,0,0,0,0,0,0,0,0,0,0,0,0,0,2
0,0,0,0,0,0,0,4,0,0,0,1,0,0,0,0,0,0,7
1,0,0,0,0,0,0,0,0,0,0,0,0,0,0,0,0,0,2
0,0,0,4,0,0,0,0,0,0,0,0,0,0,0,0,0,0,3
0,0,0,0,0,0,0,0,0,0,0,3,0,0,0,0,0,0,11
0,4,0,0,0,0,0,0,0,0,0,0,0,0,0,0,0,0,1
2,0,0,0,0,0,0,0,0,0,0,0,0,0,0,0,0,0,0
0,22,1,0,0,0,0,0,0,0,0,0,0,0,0,0,0,0,1
0,0,35,0,0,0,0,0,0,0,0,0,0,0,0,0,0,0,2
14,0,0,0,0,0,0,0,0,0,0,0,0,0,0,0,0,0,0
0,19,2,0,0,0,0,0,0,0,0,0,0,0,0,0,0,0,1
0,0,0,0,0,0,0,0,0,0,1,0,0,0,0,0,0,0,10
0,14,3,0,0,0,0,0,0,0,0,0,0,0,0,0,0,0,1
0,0,4,0,0,0,0,0,0,0,0,0,0,0,0,0,0,0,2
0,0,0,0,0,0,0,1,0,0,0,0,0,0,0,0,0,0,7
5,0,0,0,0,0,0,0,0,0,0,0,0,0,0,0,0,0,0
0,23,1,0,0,0,0,0,0,0,0,0,0,0,0,0,0,0,1
0,0,0,1,0,0,0,0,2,0,0,0,0,0,0,0,0,0,8
0,0,39,0,0,0,0,0,0,0,0,0,0,0,0,0,0,0,2
0,5,2,0,0,0,0,0,0,0,0,0,0,0,0,0,0,0,1
0,0,6,0,0,0,0,0,0,0,0,0,0,0,0,0,0,0,2
0,0,1,0,0,0,0,0,0,0,0,0,28,0,0,0,0,0,12
5,0,0,0,0,0,0,0,0,0,0,0,0,0,0,0,0,0,0
0,1,85,0,0,0,0,0,0,0,0,0,0,0,0,0,0,0,2
1,0,0,1,0,0,0,0,18,0,0,0,0,0,0,0,0,0,8
0,0,7,0,0,0,0,0,0,0,0,0,0,0,0,0,0,0,2
0,0,0,0,0,0,0,0,0,0,0,44,0,0,0,0,0,0,11
5,0,0,0,0,0,0,0,0,0,0,0,0,0,0,0,0,0,0
0,0,112,0,0,0,0,0,0,0,0,0,0,0,0,0,0,0,2
0,0,0,0,0,0,0,4,0,0,0,0,0,0,0,0,0,0,7
0,0,0,0,0,0,0,0,0,0,0,15,0,0,0,0,0,0,11
0,0,16,0,0,0,0,0,0,0,0,0,0,0,0,0,0,0,2
0,0,0,14,0,0,0,0,0,0,0,0,0,0,0,0,0,0,3
0,1,1,0,0,0,0,0,0,0,0,0,0,0,0,0,0,0,1
0,0,26,0,0,0,0,0,0,0,0,0,0,0,0,0,0,0,2
0,0,1,0,0,0,0,0,0,0,0,0,0,0,0,0,0,0,2
0,11,1,0,0,0,0,0,0,0,0,0,0,0,0,0,0,0,1
4,0,0,0,0,0,0,0,0,0,0,0,0,0,0,0,0,0,0
0,0,0,0,0,0,0,0,0,0,0,12,0,0,0,0,0,0,11
0,0,0,0,0,0,0,19,0,0,0,0,0,0,0,0,0,0,7
1,0,1,5,0,0,0,0,76,0,0,0,0,0,0,0,0,0,8
0,2,0,0,0,0,0,0,0,0,0,0,0,0,0,0,0,0,1
0,21,1,0,0,0,0,0,0,0,0,0,0,0,0,0,0,0,1
0,0,0,0,0,0,0,0,0,0,0,8,0,0,0,0,0,0,11
0,0,39,0,0,0,0,0,0,0,0,0,0,0,0,0,0,0,2
0,0,0,0,0,0,0,6,0,0,0,0,0,0,0,0,0,0,7
0,6,1,0,0,0,0,0,0,0,0,0,0,0,0,0,0,0,1
0,1,1,0,0,0,0,0,0,0,0,0,0,0,0,0,0,0,1
0,19,0,0,0,0,0,0,0,0,0,0,0,0,0,0,0,0,1
0,0,7,0,0,0,0,0,0,0,0,0,0,0,0,0,0,0,2
0,0,0,62,0,0,0,0,0,0,0,0,0,0,0,0,0,0,3
0,0,1,0,0,0,0,0,0,0,0,0,37,0,0,0,0,0,12
18,0,0,0,0,0,0,0,0,0,0,0,0,0,0,0,0,0,0
0,0,0,182,0,0,0,0,0,0,0,0,0,0,0,0,0,0,3
0,0,0,1,0,0,0,0,17,0,0,0,0,0,0,0,0,0,8
0,0,0,0,0,0,0,11,0,0,0,0,0,0,0,0,0,0,7
0,0,0,0,0,0,0,0,0,0,0,2,0,0,0,0,0,0,11
14,0,0,0,0,0,0,0,0,0,0,0,0,0,0,0,0,0,0
0,0,0,1,0,0,0,0,6,0,0,0,0,0,0,0,0,0,8
0,0,1,0,0,0,0,0,0,0,0,0,24,0,0,0,0,0,12
0,0,4,0,0,0,0,0,0,0,0,0,0,0,0,0,0,0,2
0,0,19,0,0,0,0,0,0,0,0,0,0,0,0,0,0,0,2
0,0,2,0,0,0,0,0,0,0,0,0,64,0,0,0,0,0,12
0,8,1,0,0,0,0,0,0,0,0,0,0,0,0,0,0,0,1
0,0,0,0,0,0,0,11,0,0,0,0,0,0,0,0,0,0,7
0,0,91,0,0,0,0,0,0,0,0,0,0,0,0,0,0,0,2
0,0,0,0,0,0,0,0,0,0,3,0,0,0,0,0,0,0,10
8,0,0,0,0,0,0,0,0,0,0,0,0,0,0,0,0,0,0
0,0,1,0,0,0,0,0,0,0,0,0,19,0,0,0,0,0,12
0,0,0,0,0,0,0,3,0,0,0,0,0,0,0,0,0,0,7
0,12,0,0,0,0,0,0,0,0,0,0,0,0,0,0,0,0,1
0,0,0,51,0,0,0,0,0,0,0,0,0,0,0,0,0,0,3
0,0,0,86,0,0,0,0,0,0,0,0,0,0,0,0,0,0,3
0,0,0,0,0,0,0,0,0,0,1,0,0,0,0,0,0,0,10
0,0,0,0,0,0,0,5,0,0,0,0,0,0,0,0,0,0,7
0,0,28,0,0,0,0,0,0,0,0,0,0,0,0,0,0,0,2
0,0,0,0,0,0,0,3,0,0,0,0,0,0,0,0,0,0,7
0,0,0,0,0,0,0,0,0,0,0,5,0,0,0,0,0,0,11
0,0,34,0,0,0,0,0,0,0,0,0,0,0,0,0,0,0,2
0,2,0,0,0,0,0,0,0,0,0,0,0,0,0,0,0,0,1
0,0,2,0,0,0,0,0,0,0,0,0,0,0,0,0,0,0,2
0,0,0,0,0,0,0,3,0,0,0,0,0,0,0,0,0,0,7
0,0,0,0,0,0,0,8,0,0,0,0,0,0,0,0,0,0,7
0,57,1,0,0,0,0,0,0,0,0,0,0,0,0,0,0,0,1
0,0,1,0,0,0,0,0,0,0,0,0,10,0,0,0,0,0,12
1,0,1,133,0,0,0,0,111,0,0,0,0,0,0,0,0,0,3
0,0,0,1,0,0,0,0,11,0,0,0,0,0,0,0,0,0,8
0,1,0,0,0,0,0,0,0,4,0,0,0,0,0,0,0,0,9
0,0,21,0,0,0,0,0,0,0,0,0,0,0,0,0,0,0,2
0,0,22,0,0,0,0,0,0,0,0,0,0,0,0,0,0,0,2
0,0,0,1,0,0,0,0,1,0,0,0,0,0,0,0,0,0,8
0,2,0,0,0,0,0,0,0,0,0,0,0,0,0,0,0,0,1
0,0,0,0,0,0,0,0,0,0,0,3,0,0,0,0,0,0,11
0,0,1,0,0,0,0,0,0,0,0,0,0,0,0,0,0,0,1
0,0,0,0,0,0,0,5,0,0,0,0,0,0,0,0,0,0,7
0,1,1,0,0,0,0,0,0,0,0,0,0,0,0,0,0,0,2
0,0,1,0,0,0,0,0,0,0,0,0,0,0,0,0,0,0,2
0,0,176,0,0,0,0,0,0,0,0,0,0,0,0,0,0,0,2
0,0,100,0,0,0,0,0,0,0,0,0,0,0,0,0,0,0,2
0,0,53,0,0,0,0,0,0,0,0,0,0,0,0,0,0,0,2
8,0,0,0,0,0,0,0,0,0,0,0,0,0,0,0,0,0,0
0,19,0,0,0,0,0,0,0,0,0,0,0,0,0,0,0,0,1
0,0,31,0,0,0,0,0,0,0,0,0,0,0,0,0,0,0,2
0,5,1,0,0,0,0,0,0,0,0,0,0,0,0,0,0,0,1
0,2,0,0,0,0,0,0,0,0,0,0,0,0,0,0,0,0,1
0,0,4,0,0,0,0,0,0,0,0,0,0,0,0,0,0,0,2
0,32,2,0,0,0,0,1,0,0,0,0,0,0,0,0,0,0,1
0,0,26,0,0,0,0,0,0,0,0,0,0,0,0,0,0,0,2
0,0,0,1,0,0,0,0,1,0,0,0,0,0,0,0,0,0,8
0,0,4,0,0,0,0,0,0,0,0,0,0,0,0,0,0,0,2
0,22,2,0,0,0,0,0,0,0,0,0,0,0,0,0,0,0,1
0,1,9,0,0,0,0,0,0,0,0,0,0,0,0,0,0,0,2
0,1,0,0,0,0,0,0,0,0,0,0,0,0,0,0,0,0,1
0,0,0,0,0,0,0,1,0,0,0,0,0,0,0,0,0,0,7
0,0,9,0,0,0,0,0,0,0,0,0,0,0,0,0,0,0,2
0,0,0,44,0,0,0,0,0,0,0,0,0,0,0,0,0,0,3
0,0,4,0,0,0,0,0,0,0,0,0,119,0,0,0,0,0,12
0,0,0,1,0,0,0,0,10,0,0,0,0,0,0,0,0,0,8
0,0,2,0,0,0,0,0,0,0,0,0,1,0,0,0,0,0,12
3,0,0,0,0,0,0,0,0,0,0,0,0,0,0,0,0,0,0
0,0,15,0,0,0,0,0,0,0,0,0,0,0,0,0,0,0,2
0,0,5,0,0,0,0,0,0,0,0,0,0,0,0,0,0,0,2
0,0,0,0,0,0,0,2,0,0,0,0,0,0,0,0,0,0,7
0,0,1,0,0,0,0,0,0,0,0,0,16,0,0,0,0,0,12
0,0,0,0,0,0,0,1,0,0,0,0,0,0,0,0,0,0,7
0,0,0,0,0,0,0,0,0,0,0,10,0,0,0,0,0,0,11
0,0,4,0,0,0,0,0,0,0,0,0,0,0,0,0,0,0,2
0,0,0,1,0,0,0,0,14,0,0,0,0,0,0,0,0,0,8
0,0,20,0,0,0,0,0,0,0,0,0,0,0,0,0,0,0,2
0,0,1,2,0,0,0,0,67,0,0,0,0,0,0,0,0,0,8
0,42,1,0,0,0,0,0,0,0,0,0,0,0,0,0,0,0,1
0,0,20,0,0,0,0,0,0,0,0,0,0,0,0,0,0,0,2
0,13,1,0,0,0,0,0,0,0,0,0,0,0,0,0,0,0,1
0,0,0,0,0,0,0,7,0,0,0,0,0,0,0,0,0,0,7
0,0,1,0,0,0,0,0,0,0,0,0,2,0,0,0,0,0,12
0,0,0,0,0,0,0,7,0,0,0,0,0,0,0,0,0,0,7
0,0,0,140,0,0,0,0,0,0,0,0,0,0,0,0,0,0,3
0,0,0,0,0,0,0,8,0,0,0,0,0,0,0,0,0,0,7
0,0,13,0,0,0,0,0,0,0,0,0,0,0,0,0,0,0,2
0,0,3,0,0,0,0,0,0,0,0,0,0,0,0,0,0,0,2
0,0,0,0,0,0,0,0,0,0,0,2,0,0,0,0,0,0,11
0,14,1,0,0,0,0,0,0,0,0,0,0,0,0,0,0,0,1
0,12,7,0,1,0,0,0,0,0,0,0,0,0,0,0,0,0,1
0,0,12,0,0,0,0,0,0,0,0,0,0,0,0,0,0,0,2
0,0,186,0,0,0,0,0,0,0,0,0,0,0,0,0,0,0,2
0,34,0,0,0,0,0,0,0,0,0,0,0,0,0,0,0,0,1
0,0,0,74,0,0,0,0,1,0,0,0,0,0,0,0,0,0,3
0,0,1,0,0,0,0,0,0,0,0,0,6,0,0,0,0,0,12
0,0,76,0,0,0,0,0,0,0,0,0,0,0,0,0,0,0,2
0,0,0,0,0,0,0,3,0,0,0,0,0,0,0,0,0,0,7
0,0,9,0,0,0,0,0,0,0,0,0,0,0,0,0,0,0,2
0,0,0,0,0,0,0,2,0,0,0,0,0,0,0,0,0,0,7
23,0,0,0,0,0,0,0,0,0,0,0,0,0,0,0,0,0,0
0,0,0,0,0,0,0,24,0,0,0,0,0,0,0,0,0,0,7
0,0,0,0,0,0,0,0,0,0,0,3,0,0,0,0,0,0,11
0,6,1,0,0,0,0,0,0,0,0,0,0,0,0,0,0,0,1
0,19,1,0,0,0,0,0,0,0,0,0,0,0,0,0,0,0,1
0,0,2,0,0,0,0,0,0,0,0,0,0,0,0,0,0,0,2
0,0,1,0,0,0,0,0,0,0,0,0,0,0,0,0,0,0,2
0,0,5,0,0,0,0,0,0,0,0,0,0,0,0,0,0,0,2
0,0,0,0,0,0,0,2,0,0,0,0,0,0,0,0,0,0,7
0,59,2,0,0,0,0,0,0,0,0,0,0,0,0,0,0,0,1
6,0,0,0,0,0,0,0,0,0,0,0,0,0,0,0,0,0,0
0,12,0,0,0,0,0,0,0,0,0,0,0,0,0,0,0,0,1
0,0,1,0,0,0,0,0,0,0,0,0,0,2,0,0,0,0,13
0,0,0,0,0,0,0,12,0,0,0,0,0,0,0,0,0,0,7
0,0,0,0,0,0,0,15,0,0,0,0,0,0,0,0,0,0,7
1,0,0,0,0,0,0,0,0,0,0,0,0,0,0,0,0,0,0
0,21,0,0,0,0,0,0,0,0,0,0,0,0,0,0,0,0,1
0,0,0,1,0,0,0,0,2,0,0,0,0,0,0,0,0,0,8
0,0,0,0,0,0,0,0,0,0,0,12,0,0,0,0,0,0,11
0,0,0,6,0,0,0,0,55,0,0,0,0,0,0,0,0,0,8
0,0,0,1,0,0,0,0,3,0,0,0,0,0,0,0,0,1,8
0,0,21,0,0,0,0,0,0,0,0,0,0,0,0,0,0,0,2
0,6,0,0,0,0,0,0,0,0,0,0,0,0,0,0,0,0,1
1,0,0,1,0,0,0,0,23,0,0,0,0,0,0,0,0,0,8
0,0,0,0,0,0,0,0,0,0,0,10,0,0,0,0,0,0,11
0,0,0,1,0,0,0,0,22,0,0,0,0,0,0,0,0,0,8
5,0,0,0,0,0,0,0,0,0,0,0,0,0,0,0,0,0,0
0,0,0,82,0,0,0,0,1,0,0,0,0,0,0,0,0,0,3
0,0,2,0,0,0,0,0,0,0,0,0,0,0,0,0,0,0,2
0,0,0,31,0,0,0,0,3,0,0,0,0,0,0,0,0,0,3
0,29,2,0,0,0,0,0,0,0,0,0,0,0,0,0,0,0,1
0,0,57,0,0,0,0,0,0,0,0,0,0,0,0,0,0,0,2
0,0,11,0,0,0,0,0,0,0,0,0,0,0,0,0,0,0,2
0,0,0,0,0,0,0,8,0,0,0,0,0,0,0,0,0,0,7
1,0,0,6,0,0,0,0,61,0,0,0,0,0,0,0,0,0,8
0,0,1,2,0,0,0,0,21,0,0,0,0,0,0,0,0,0,8
0,0,80,0,0,0,0,0,0,0,0,0,0,0,0,0,0,0,2
0,3,1,0,0,0,0,0,0,0,0,0,0,0,0,0,0,0,1
0,0,1,0,0,0,0,0,0,0,0,0,35,0,0,0,0,0,12
0,0,0,0,0,0,0,11,0,0,0,0,0,0,0,0,0,0,7
0,0,144,0,0,0,0,0,0,0,0,0,0,0,0,0,0,0,2
0,0,0,1,0,0,0,0,11,0,0,0,0,0,0,0,0,0,8
0,0,0,0,0,0,0,13,0,0,0,0,0,0,0,0,0,0,7
0,0,40,0,0,0,0,0,0,0,0,0,0,0,0,0,0,0,2
0,4,0,0,0,0,0,0,0,0,0,0,0,0,0,0,0,0,1
9,0,0,0,0,0,0,0,0,0,0,0,0,0,0,0,0,0,0
0,0,11,0,0,0,0,0,0,0,0,0,0,0,0,0,0,0,2
0,0,0,0,0,0,0,7,0,0,0,0,0,0,0,0,0,0,7
0,0,0,0,0,0,0,0,0,0,0,13,0,0,0,0,0,0,11
0,0,8,0,0,0,0,0,0,0,0,0,0,0,0,0,0,0,2
0,0,0,125,0,0,0,0,1,0,0,0,0,0,0,0,0,0,3
0,0,40,0,0,0,0,0,0,0,0,0,0,0,0,0,0,0,2
0,0,7,0,0,0,0,0,0,0,0,0,0,0,0,0,0,0,2
0,1,3,0,0,0,0,0,0,0,0,0,0,0,0,0,0,0,1
0,0,16,0,0,0,0,0,1,0,0,0,0,0,0,0,0,0,2
0,0,11,0,0,0,0,0,0,0,0,0,0,0,0,0,0,0,2
0,0,0,0,0,0,0,28,0,0,0,0,0,0,0,0,0,0,7
0,1,0,0,0,0,0,0,0,0,0,0,0,0,0,0,0,0,1
0,1,1,0,15,0,0,0,0,0,0,0,0,0,0,0,0,0,4
0,1,0,0,0,0,0,0,0,0,0,0,0,0,0,0,0,0,1
0,0,0,0,0,0,0,2,0,0,0,0,0,0,0,0,0,0,7
0,0,0,1,0,0,0,0,0,0,0,0,0,0,0,0,0,0,8
0,0,45,0,0,0,0,0,0,0,0,0,0,0,0,0,0,0,2
0,0,0,0,0,0,0,0,0,0,0,6,0,0,0,0,0,0,11
0,35,0,0,0,0,0,0,0,0,0,0,0,0,0,0,0,0,1
0,0,0,0,0,0,0,7,0,0,0,0,0,0,0,0,0,0,7
6,0,0,0,0,0,0,0,0,0,0,0,0,0,0,0,0,0,0
0,0,0,0,0,0,0,3,0,0,0,0,0,0,0,0,0,0,7
6,0,0,0,0,0,0,0,0,0,0,0,0,0,0,0,0,0,0
0,0,6,0,0,0,0,0,0,0,0,0,0,0,0,0,0,0,2
0,0,0,1,0,0,0,0,3,0,0,0,0,0,0,0,0,0,8
0,0,0,0,0,0,0,13,0,0,0,0,0,0,0,0,0,0,7
0,28,1,0,0,0,0,0,0,0,0,0,0,0,0,0,0,0,1
0,0,1,0,0,0,0,0,0,0,0,0,32,0,0,0,0,0,12
0,0,0,0,0,0,0,18,0,0,0,0,0,0,0,0,0,0,7
0,11,0,0,0,0,0,0,0,0,0,0,0,0,0,0,0,0,1
1,0,0,0,0,0,0,0,0,0,0,0,0,0,0,0,0,0,0
0,35,0,0,0,0,0,1,0,0,0,0,0,0,0,0,0,0,1
0,0,31,0,0,0,0,0,0,0,0,0,0,0,0,0,0,0,2
0,0,2,0,0,0,0,0,0,0,0,0,52,0,0,0,0,0,12
0,10,0,0,0,0,0,0,0,0,0,0,0,0,0,0,0,0,1
0,0,55,0,0,0,0,0,0,0,0,0,0,0,0,0,0,0,2
0,0,0,64,0,0,0,0,0,0,0,0,0,0,0,0,0,0,3
0,6,1,0,0,0,0,0,0,0,0,0,0,0,0,0,0,0,1
0,0,0,1,0,0,0,0,4,0,0,0,0,0,0,0,0,0,8
0,0,0,0,0,0,0,3,0,0,0,0,0,0,0,0,0,0,7
0,0,0,1,0,0,0,0,9,0,0,0,0,0,0,0,0,0,8
0,0,0,176,0,0,0,0,0,0,0,0,0,0,0,0,0,0,3
0,0,1,0,0,0,0,0,0,0,0,0,37,0,0,0,0,0,12
0,0,0,0,0,0,0,6,0,0,0,0,0,0,0,0,0,0,7
0,0,1,0,0,0,0,0,0,0,0,0,1,0,0,0,0,0,12
0,58,1,0,0,0,0,0,0,0,0,0,0,0,0,0,0,0,1
0,0,0,1,0,0,0,0,16,0,0,0,0,0,0,0,0,0,8
0,0,31,0,0,0,0,0,0,0,0,0,0,0,0,0,0,0,2
16,0,0,0,0,0,0,0,0,0,0,0,0,0,0,0,0,0,0
0,31,2,0,0,0,0,0,0,0,0,0,0,0,0,0,0,0,1
18,0,0,0,0,0,0,0,0,0,0,0,0,0,0,0,0,0,0
0,37,0,0,0,0,0,0,0,0,0,0,0,0,0,0,0,0,1
0,1,0,0,0,0,0,0,0,0,0,0,0,0,0,0,0,0,1
0,0,0,0,0,0,0,4,0,0,0,0,0,0,0,0,0,0,7
2,0,0,0,0,0,0,0,0,0,0,0,0,0,0,0,0,0,0
0,0,0,0,0,0,0,0,0,0,0,8,0,0,0,0,0,0,11
0,0,0,0,0,0,0,0,0,0,7,0,0,0,0,0,0,0,10
0,0,0,0,0,0,0,0,0,0,0,18,0,0,0,0,0,0,11
1,0,1,2,0,0,0,0,35,0,0,0,0,0,0,0,0,0,8
0,0,66,0,0,0,0,0,0,0,0,0,0,0,0,0,0,0,2
0,0,0,0,0,0,0,18,0,0,0,0,0,0,0,0,0,0,7
0,0,2,0,0,0,0,0,0,0,0,0,0,0,0,0,0,0,2
0,1,0,0,0,0,0,0,0,0,0,0,0,0,0,0,0,0,1
0,0,13,0,0,0,0,0,0,0,0,0,0,0,0,0,0,0,2
0,6,2,0,0,0,0,0,0,0,0,0,0,0,0,0,0,0,1
1,0,1,6,0,0,0,0,76,0,0,0,0,0,0,0,0,0,8
0,0,10,0,0,0,0,0,0,0,0,0,0,0,0,0,0,0,2
1,0,0,0,0,0,0,0,0,0,0,0,0,0,0,0,0,0,0
0,0,0,0,0,0,0,1,0,0,0,0,0,0,0,0,0,0,7
0,0,2,0,0,0,0,0,0,0,0,0,0,0,0,0,0,0,2
0,56,0,0,0,0,0,0,0,0,0,0,0,0,0,0,0,0,1
0,32,1,0,0,0,0,0,0,0,0,0,0,0,0,0,0,0,1
0,0,12,0,0,0,0,0,0,0,0,0,0,0,0,0,0,0,2
0,0,0,0,0,0,0,5,0,0,0,0,0,0,0,0,0,0,7
5,0,0,0,0,0,0,0,0,0,0,0,0,0,0,0,0,0,0
0,0,13,0,0,0,0,0,0,0,0,0,0,0,0,0,0,0,2
0,0,53,0,0,0,0,0,0,0,0,0,0,0,0,0,0,0,2
0,1,1,0,0,0,0,0,0,0,0,0,0,0,0,0,0,0,1
0,0,0,80,0,0,0,0,0,0,0,0,0,0,0,0,0,0,3
0,0,1,0,0,0,0,0,0,0,0,0,8,0,0,0,0,0,12
0,20,2,0,0,0,0,0,0,0,0,0,0,0,0,0,0,0,1
0,0,111,0,0,0,0,0,0,0,0,0,0,0,0,0,0,0,2
0,0,4,0,0,0,0,0,0,0,0,0,0,0,0,0,0,0,2
0,0,1,0,0,0,0,0,0,0,0,0,1,0,0,0,0,0,12
0,0,0,0,0,0,0,0,0,0,0,3,0,0,0,0,0,0,11
0,0,0,0,0,0,0,4,0,0,0,0,0,0,0,0,0,0,7
0,0,14,0,0,0,0,0,0,0,0,0,0,0,0,0,0,0,2
0,13,1,0,0,0,0,0,0,0,0,0,0,0,0,0,0,0,1
0,8,1,0,0,0,0,0,0,0,0,0,0,0,0,0,0,0,1
0,0,0,0,0,0,0,1,0,0,0,0,0,0,0,0,0,0,7
0,1,27,0,0,0,0,0,0,0,0,0,0,0,0,0,0,0,2
0,0,2,0,11,0,0,0,0,0,0,0,0,0,0,0,0,0,4
0,0,0,0,0,0,0,0,0,0,0,8,0,0,0,0,0,0,11
0,0,2,0,0,4,0,0,0,0,0,0,0,0,0,0,0,0,5
0,0,6,0,0,0,0,0,0,0,0,0,0,0,0,0,0,0,2
0,0,1,0,0,0,0,0,0,0,0,0,27,0,0,0,0,0,12
1,0,0,1,0,0,0,0,36,0,0,0,0,0,0,0,0,0,8
0,1,0,0,0,0,0,0,0,9,0,0,0,0,0,0,0,0,9
0,0,11,0,0,0,0,0,0,0,0,0,0,0,0,0,0,0,2
0,0,3,0,0,0,0,1,0,0,0,0,0,0,0,0,0,0,2
0,0,75,0,0,0,0,0,0,0,0,0,0,0,0,0,0,0,2
1,0,1,11,0,0,0,0,28,0,0,0,0,0,0,0,0,0,3
0,0,0,135,0,0,0,0,0,0,0,0,0,0,0,0,0,0,3
0,14,1,0,0,0,0,0,0,0,0,0,0,0,0,0,0,0,1
0,0,0,0,0,0,0,0,0,0,0,26,0,0,0,0,0,0,11
0,1,1,0,0,0,0,0,0,0,0,0,0,0,0,0,0,0,1
0,0,0,0,0,0,0,10,0,0,0,0,0,0,0,0,0,0,7
1,0,1,3,0,0,0,0,42,0,0,0,0,0,0,0,0,0,8
0,1,1,0,0,0,0,0,0,0,0,0,0,0,0,0,0,0,1
0,0,4,0,0,0,0,0,0,0,0,0,0,0,0,0,0,0,2
0,0,0,0,0,0,0,2,0,0,0,0,0,0,0,0,0,0,7
0,11,1,0,0,0,0,0,0,0,0,0,0,0,0,0,0,0,1
0,0,0,1,0,0,0,0,15,0,0,0,0,0,0,0,0,0,8
0,4,0,0,0,0,0,1,0,0,0,0,0,0,0,0,0,0,1
0,0,56,0,0,0,0,0,0,0,0,0,0,0,0,0,0,0,2
0,0,0,5,0,0,0,0,0,0,0,0,0,0,0,0,15,0,16
0,0,31,0,0,0,0,0,0,0,0,0,0,0,0,0,0,0,2
0,0,0,5,0,0,0,0,3,0,0,0,0,0,0,0,0,0,3
0,0,0,0,0,0,0,7,0,0,0,0,0,0,0,0,0,0,7
0,2,10,0,0,0,0,0,0,0,0,0,0,0,0,0,0,0,2
0,0,0,0,0,0,0,11,0,0,0,0,0,0,0,0,0,0,7
6,0,0,0,0,0,0,0,0,0,0,0,0,0,0,0,0,0,0
0,0,0,0,0,0,0,8,0,0,0,0,0,0,0,0,0,0,7
0,0,0,0,0,0,0,36,0,0,0,0,0,0,0,0,0,0,7
0,16,1,0,0,0,0,0,0,0,0,0,0,0,0,0,0,0,1
7,0,0,0,0,0,0,0,0,0,0,0,0,0,0,0,0,0,0
0,0,0,0,0,0,0,2,0,0,0,0,0,0,0,0,0,0,7
0,0,1,0,0,0,0,0,0,0,0,0,20,0,0,0,0,0,12
0,0,9,0,0,0,0,0,0,0,0,0,0,0,0,0,0,0,2
0,31,2,0,0,0,0,0,0,0,0,0,0,0,0,0,0,0,1
0,10,0,0,0,0,0,0,0,0,0,0,0,0,0,0,0,0,1
0,0,0,0,0,0,0,3,0,0,0,0,0,0,0,0,0,0,7
0,1,0,0,0,0,0,0,0,0,0,0,0,0,0,0,0,0,1
0,1,1,0,0,0,0,0,0,0,0,0,0,0,0,0,0,0,1
0,0,0,0,0,0,0,0,0,0,0,10,0,0,0,0,0,0,11
0,0,0,0,0,0,0,6,0,0,0,0,0,0,0,0,0,0,7
0,6,1,0,0,0,0,0,0,0,0,0,0,0,0,0,0,0,1
0,0,0,1,0,0,0,0,1,0,0,0,0,0,0,0,11,0,16
1,0,1,7,0,0,0,0,72,0,0,0,0,0,0,0,0,0,8
0,20,0,0,0,0,0,0,0,0,0,0,0,0,0,0,0,0,1
27,0,0,0,0,0,0,0,0,0,0,0,0,0,0,0,0,0,0
5,0,0,0,0,0,0,0,0,0,0,0,0,0,0,0,0,0,0
0,7,1,0,0,0,0,0,0,0,0,0,0,0,0,0,0,0,1
0,30,1,0,0,0,0,0,0,0,0,0,0,0,0,0,0,0,1
0,2,214,0,0,0,0,0,0,0,0,0,0,0,0,0,0,0,2
0,42,1,0,0,0,0,0,0,0,0,0,0,0,0,0,0,0,1
0,0,2,0,0,0,0,0,0,0,0,0,0,0,0,0,0,0,2
0,0,1,0,0,0,0,0,0,0,0,0,26,0,0,0,0,0,12
0,0,16,0,0,0,0,0,0,0,0,0,0,0,0,0,0,0,2
0,0,59,0,0,0,0,0,0,0,0,0,0,0,0,0,0,0,2
0,0,0,167,0,0,0,0,0,0,0,0,0,0,0,0,0,0,3
0,0,0,1,0,0,0,0,18,0,0,0,0,0,0,0,0,0,8
0,39,1,0,0,0,0,0,0,0,0,0,0,0,0,0,0,0,1
3,0,0,0,0,0,0,0,0,0,0,0,0,0,0,0,0,0,0
0,16,0,0,0,0,0,0,0,0,0,0,0,0,0,0,0,0,1
0,0,4,0,0,0,0,0,0,0,0,0,0,0,0,0,0,0,2
0,0,1,0,0,0,0,0,0,0,0,0,0,0,0,0,0,0,1
0,63,1,0,0,0,0,0,0,0,0,0,0,0,0,0,0,0,1
0,8,0,0,0,0,0,0,0,0,0,0,0,0,0,0,0,0,1
0,0,7,0,0,0,0,0,0,0,0,0,26,0,0,0,0,0,2
0,0,0,3,0,0,0,0,12,0,0,0,0,0,0,0,0,0,8
0,21,1,0,0,0,0,0,0,0,0,0,0,0,0,0,0,0,1
0,0,0,1,0,0,0,0,0,0,0,0,0,0,0,0,0,0,16
0,9,1,0,0,0,0,0,0,0,0,0,0,0,0,0,0,0,1
0,0,1,0,0,0,0,0,0,0,0,0,24,0,0,0,0,0,12
2,1,0,0,0,0,0,0,0,0,0,0,0,0,0,0,0,0,0
0,0,0,0,0,0,0,11,0,0,0,0,0,0,0,0,0,0,7
0,1,0,0,0,0,0,0,0,21,0,0,0,0,0,0,0,0,9
0,0,0,0,0,0,0,0,0,0,0,43,0,0,0,0,0,0,11
0,0,116,0,0,0,0,0,0,0,0,0,0,0,0,0,0,0,2
0,0,1,0,0,0,0,0,0,0,0,0,0,0,0,0,0,0,2
0,0,0,1,0,0,0,0,0,0,0,0,0,0,0,0,0,7,17
0,0,0,2,0,0,0,0,0,0,0,0,0,0,0,0,6,0,16
0,0,0,1,0,0,0,0,29,0,0,0,0,0,0,0,0,0,8
0,0,2,0,0,0,0,0,0,0,0,0,44,0,0,0,0,0,12
0,18,0,0,0,0,0,0,0,0,0,0,0,0,0,0,0,0,1
0,28,0,0,0,0,0,0,0,0,0,0,0,0,0,0,0,0,1
0,53,1,0,1,0,0,0,0,0,0,0,0,0,0,0,0,0,1
0,0,0,1,0,0,0,0,3,0,0,0,0,0,0,0,0,0,8
0,5,2,0,0,0,0,0,0,0,0,0,0,0,0,0,0,0,1
0,3,1,0,0,0,0,0,0,0,0,0,0,0,0,0,0,0,1
0,0,0,0,0,0,0,19,0,0,0,0,0,0,0,0,0,0,7
0,0,0,1,0,0,0,0,1,0,0,0,0,0,0,0,0,0,8
0,0,0,0,0,0,0,0,0,0,0,2,0,0,0,0,0,0,11
0,24,5,0,0,0,0,0,0,0,0,0,0,0,0,0,0,0,1
0,1,182,0,0,0,0,0,0,0,0,0,0,0,0,0,0,0,2
0,0,0,1,0,0,0,0,4,0,0,0,0,0,0,0,0,0,8
0,0,9,0,0,0,0,0,0,0,0,0,0,0,0,0,0,0,2
0,0,0,0,0,0,0,2,0,0,0,0,0,0,0,0,0,0,7
5,0,0,0,0,0,0,0,0,0,0,0,0,0,0,0,0,0,0
0,0,0,0,0,0,0,24,0,0,0,0,0,0,0,0,0,0,7
0,0,1,3,0,0,0,0,53,0,0,0,0,0,0,0,0,0,8
0,0,2,0,0,0,0,0,0,0,0,0,0,0,0,0,0,0,2
0,1,0,0,0,0,0,0,0,19,0,0,0,0,0,0,0,0,9
0,12,2,0,0,0,0,0,0,0,0,0,0,0,0,0,0,0,1
38,0,0,0,0,0,0,0,0,0,0,0,0,0,0,0,0,0,0
0,0,1,0,0,0,0,0,0,0,0,0,53,0,0,0,0,0,12
0,0,1,0,0,0,0,0,0,0,0,0,7,0,0,0,0,0,12
0,0,0,0,0,0,0,9,0,0,0,0,0,0,0,0,0,0,7
9,0,0,0,0,0,0,0,0,0,0,0,0,0,0,0,0,0,0
1,0,0,0,0,0,0,0,0,0,0,0,0,0,0,0,0,0,0
0,0,1,3,0,0,0,0,55,0,0,0,0,0,0,0,0,0,8
0,5,1,0,0,0,0,0,0,0,0,0,0,0,0,0,0,0,1
0,6,0,0,0,0,0,0,0,0,0,0,0,0,0,0,0,0,1
0,0,11,0,0,0,0,0,0,0,0,0,0,0,0,0,0,0,2
0,0,2,0,0,0,0,0,0,0,0,0,0,0,0,0,0,0,2
0,3,0,0,0,0,0,0,0,0,0,0,0,0,0,0,0,0,1
0,0,1,1,0,0,0,0,3,0,0,0,0,0,0,0,0,0,8
0,0,1,0,0,0,0,0,0,0,0,0,74,0,0,0,0,0,12
0,0,14,0,0,0,0,0,0,0,0,0,0,0,0,0,0,0,2
0,24,1,0,0,0,0,0,0,0,0,0,0,0,0,0,0,0,1
0,0,0,0,0,0,0,11,0,0,0,0,0,0,0,0,0,0,7
0,25,1,0,0,0,0,0,0,0,0,0,0,0,0,0,0,0,1
3,0,0,0,0,0,0,0,0,0,0,0,0,0,0,0,0,0,0
0,0,0,2,0,0,0,0,15,0,0,0,0,0,0,0,0,0,8
0,14,1,0,0,0,0,0,0,0,0,0,0,0,0,0,0,0,1
0,3,2,0,13,0,0,0,0,0,0,0,0,0,0,0,0,0,4
0,12,1,0,0,0,0,0,0,0,0,0,0,0,0,0,0,0,1
0,0,59,0,0,0,0,0,0,0,0,0,0,0,0,0,0,0,2
0,0,0,0,0,0,0,0,0,0,0,1,0,0,0,0,0,0,11
0,0,1,0,0,0,0,0,0,0,0,0,4,0,0,0,0,0,12
0,12,0,0,0,0,0,0,0,0,0,0,0,0,0,0,0,0,1
0,0,0,5,0,0,0,0,8,0,0,0,0,0,0,0,0,0,8
0,0,0,0,0,0,0,19,0,0,0,0,0,0,0,0,0,0,7
0,0,0,0,0,0,0,0,0,0,0,4,0,0,0,0,0,0,11
0,0,0,0,0,0,0,4,0,0,0,0,0,0,0,0,0,0,7
0,0,82,0,0,0,0,0,0,0,0,0,0,0,0,0,0,0,2
0,16,0,0,0,0,0,0,0,0,0,0,0,0,0,0,0,0,1
1,0,1,5,0,0,0,0,61,0,0,0,0,0,0,0,0,0,8
0,7,0,0,0,0,0,0,0,0,0,0,0,0,0,0,0,0,1
0,0,0,85,0,0,0,0,0,0,0,0,0,0,0,0,0,0,3
0,0,19,0,0,0,0,0,0,0,0,0,0,0,0,0,0,0,2
0,0,0,4,0,0,0,0,0,0,0,0,0,0,0,0,0,0,3
0,0,33,0,0,0,0,0,0,0,0,0,0,0,0,0,0,0,2
0,0,2,0,0,0,0,0,0,0,0,0,5,0,0,0,0,0,12
0,0,21,0,0,0,0,0,0,0,0,0,0,0,0,0,0,0,2
0,0,0,0,0,0,0,0,0,0,0,1,0,0,0,0,0,0,11
0,0,12,0,0,0,0,0,0,0,0,0,0,0,0,0,0,0,2
0,1,1,0,35,0,0,0,0,0,0,0,0,0,0,0,0,0,4
0,0,0,0,0,0,0,2,0,0,0,0,0,0,0,0,0,0,7
15,0,0,0,0,0,0,0,0,0,0,0,0,0,0,0,0,0,0
0,0,0,3,0,0,0,0,27,0,0,0,0,0,0,0,0,0,8
0,39,0,0,0,0,0,0,0,0,0,0,0,0,0,0,0,0,1
0,10,0,0,0,0,0,0,0,0,0,0,0,0,0,0,0,0,1
0,0,0,0,0,0,0,0,0,0,0,20,0,0,0,0,0,0,11
0,0,0,0,0,0,0,7,0,0,0,0,0,0,0,0,0,0,7
0,0,3,0,0,0,0,0,0,0,0,0,0,0,0,0,0,0,2
1,0,0,0,0,0,0,0,0,0,0,0,0,0,0,0,0,0,0
0,8,0,0,0,0,0,0,0,0,0,0,0,0,0,0,0,0,1
0,0,0,1,0,0,0,0,18,0,0,0,0,0,0,0,0,0,8
0,0,0,0,0,0,0,12,0,0,0,0,0,0,0,0,0,0,7
0,0,46,0,0,0,0,0,0,0,0,0,0,0,0,0,0,0,2
0,20,0,0,0,0,0,0,0,0,0,0,0,0,0,0,0,0,1
4,0,0,0,0,0,0,0,0,0,0,0,0,0,0,0,0,0,0
0,0,0,1,0,0,0,0,16,0,0,0,0,0,0,0,0,0,8
0,38,10,0,0,0,0,0,0,0,0,0,0,0,0,0,0,0,1
0,0,1,0,1,0,0,0,0,0,0,0,0,0,0,0,0,0,4
0,0,0,0,0,0,0,0,0,0,0,2,0,0,0,0,0,0,11
0,0,1,0,16,0,0,0,0,0,0,0,0,0,0,0,0,0,4
0,0,4,0,0,0,0,0,0,0,0,0,0,0,0,0,0,0,2
0,0,0,0,0,0,0,7,0,0,0,0,0,0,0,0,0,0,7
0,0,0,3,0,0,0,0,23,0,0,0,0,0,0,0,0,0,8
0,0,0,0,0,0,0,0,0,0,0,10,0,0,0,0,0,0,11
0,0,16,0,0,0,0,0,0,0,0,0,0,0,0,0,0,0,2
0,1,0,0,0,0,0,0,0,0,0,0,0,0,0,0,0,0,9
0,0,0,0,0,0,0,0,0,0,0,19,0,0,0,0,0,0,11
0,0,5,0,0,0,0,0,0,0,0,0,0,0,0,0,0,0,2
0,0,16,0,0,0,0,0,0,0,0,0,0,0,0,0,0,0,2
0,0,0,0,0,0,0,2,0,0,0,0,0,0,0,0,0,0,7
0,0,0,51,0,0,0,0,2,0,0,0,0,0,0,0,0,0,3
0,0,0,143,0,0,0,0,0,0,0,0,0,0,0,0,0,0,3
0,0,0,146,0,0,0,0,0,0,0,0,0,0,0,0,1,0,3
0,5,0,0,0,0,0,0,0,0,0,0,0,0,0,0,0,0,1
0,0,0,0,0,0,0,6,0,0,0,0,0,0,0,0,0,0,7
0,0,36,0,0,0,0,0,0,0,0,0,0,0,0,0,0,0,2
0,0,0,57,0,0,0,0,0,0,0,0,0,0,0,0,0,0,3
8,0,0,0,0,0,0,0,0,0,0,0,0,0,0,0,0,0,0
0,2,1,0,0,0,0,0,0,0,0,0,0,0,0,0,0,0,1
0,44,1,0,0,0,0,0,0,0,0,0,0,0,0,0,0,0,1
0,0,0,0,0,0,0,18,0,0,0,0,0,0,0,0,0,0,7
0,0,1,0,0,0,0,0,0,0,0,0,29,0,0,0,0,0,12
0,0,3,0,0,0,0,0,0,0,0,0,0,0,0,0,0,0,2
0,0,37,0,0,0,0,0,0,0,0,0,0,0,0,0,0,0,2
0,0,0,1,0,0,0,0,15,0,0,0,0,0,0,0,0,0,8
0,26,0,0,0,0,0,0,0,0,0,0,0,0,0,0,0,0,1
0,0,1,0,0,0,0,0,0,0,0,0,34,0,0,0,0,0,12
0,0,0,0,0,0,0,1,0,0,0,0,0,0,0,0,0,0,7
0,0,0,0,0,0,0,1,0,0,0,0,0,0,0,0,0,0,7
0,0,0,2,0,0,0,0,4,0,0,0,0,0,0,0,0,0,8
0,0,0,2,0,0,0,0,43,0,0,0,0,0,0,0,0,0,8
1,0,0,0,0,0,0,0,0,0,0,0,0,0,0,0,0,0,0
9,0,0,0,0,0,0,0,0,0,0,0,0,0,0,0,0,0,0
0,0,0,0,0,0,0,0,0,0,0,3,0,0,0,0,0,0,11
0,0,0,0,0,0,0,0,0,0,0,4,0,0,0,0,0,0,11
0,0,2,0,0,0,0,0,0,0,0,0,0,0,0,0,0,0,2
0,0,21,0,0,0,0,0,0,0,0,0,0,0,0,0,0,0,2
0,0,6,0,0,0,0,0,0,0,0,0,0,0,0,0,0,0,2
0,0,0,110,0,0,0,0,0,0,0,0,0,0,0,0,0,0,3
0,0,0,0,0,0,0,0,0,0,4,0,0,0,0,0,0,0,10
8,0,0,0,0,0,0,0,0,0,0,0,0,0,0,0,0,0,0
0,3,0,0,0,0,0,0,0,0,0,0,0,0,0,0,0,0,1
0,0,2,0,15,0,0,0,0,0,0,0,0,0,0,0,0,0,4
0,0,28,0,0,0,0,0,0,0,0,0,0,0,0,0,0,0,2
0,0,1,0,0,0,0,0,0,0,0,0,0,0,4,0,0,0,14
1,0,1,2,0,0,0,0,4,0,0,0,0,0,0,0,0,0,8
0,0,0,0,0,0,0,6,0,0,0,0,0,0,0,0,0,0,7
0,0,0,0,0,0,0,0,0,0,0,42,0,0,0,0,0,0,11
0,1,0,0,0,0,0,0,0,0,0,0,0,0,0,0,0,0,1
0,0,0,0,0,0,0,1,0,0,0,0,0,0,0,0,0,0,7
3,0,0,0,0,0,0,0,0,0,0,0,0,0,0,0,0,0,0
0,0,4,0,0,0,0,0,0,0,0,0,0,0,0,0,0,0,2
0,0,0,80,0,0,0,0,0,0,0,0,0,0,0,0,0,0,3
15,0,0,0,0,0,0,0,0,0,0,0,0,0,0,0,0,0,0
0,0,0,0,0,0,0,0,0,0,3,0,0,0,0,0,0,0,10
0,0,1,0,0,0,0,0,0,0,0,0,55,0,0,0,0,0,12
0,0,0,0,0,0,0,15,0,0,0,0,0,0,0,0,0,0,7
5,0,0,0,0,0,0,0,0,0,0,0,0,0,0,0,0,0,0
0,0,0,1,0,0,0,0,21,0,0,0,0,0,0,0,0,0,8
0,2,1,0,0,0,0,0,0,0,0,0,0,0,0,0,0,0,1
0,0,0,1,0,0,0,0,1,0,0,0,0,0,0,0,0,0,8
0,0,0,0,0,0,0,0,0,0,0,3,0,0,0,0,0,0,11
0,3,1,0,0,0,0,0,0,0,0,0,0,0,0,0,0,0,1
0,0,1,0,0,0,0,0,0,0,0,0,0,0,7,0,0,0,14
0,0,0,0,0,0,0,9,0,0,0,0,0,0,0,0,0,0,7
0,0,0,14,0,0,0,0,0,0,0,0,0,0,0,0,0,0,3
0,0,0,1,0,0,0,0,48,0,0,0,0,0,0,0,0,0,8
1,0,0,0,0,0,0,0,0,0,0,0,0,0,0,0,0,0,0
0,1,1,0,0,0,0,0,0,0,0,0,0,0,0,0,0,0,1
10,0,0,0,0,0,0,0,0,0,0,0,0,0,0,0,0,0,0
0,0,0,0,0,0,0,1,0,0,0,0,0,0,0,0,0,0,7
0,0,0,1,0,0,0,0,46,0,0,0,0,0,0,0,0,0,8
0,0,35,0,0,0,0,0,0,0,0,0,0,0,0,0,0,0,2
3,0,0,0,0,0,0,0,0,0,0,0,0,0,0,0,0,0,0
0,54,2,0,0,0,0,0,0,0,0,0,0,0,0,0,0,0,1
0,0,2,0,0,0,0,0,0,0,0,0,0,0,0,0,0,0,2
0,0,4,0,0,0,0,0,0,0,0,0,0,0,0,0,0,0,2
0,1,1,0,0,0,0,0,0,0,0,0,0,0,0,0,0,0,1
0,0,0,98,0,0,0,0,0,0,0,0,0,0,0,0,0,0,3
0,0,0,0,0,0,0,0,0,0,0,1,0,0,0,0,0,0,11
1,0,0,0,0,0,0,0,0,0,0,0,0,0,0,0,0,0,0
0,0,0,4,0,0,0,0,15,0,0,0,0,0,0,0,0,0,8
0,0,0,180,0,0,0,0,0,0,0,0,0,0,0,0,0,0,3
0,0,1,4,0,0,0,0,71,0,0,0,0,0,0,0,0,0,8
0,7,0,0,0,0,0,0,0,0,0,0,0,0,0,0,0,0,1
1,0,1,3,0,0,0,0,66,0,0,0,0,0,0,0,0,0,8
0,19,0,0,0,0,0,0,0,0,0,0,0,0,0,0,0,0,1
0,0,0,134,0,0,0,0,0,0,0,0,0,0,0,0,0,0,3
0,0,0,0,0,0,0,0,0,0,1,0,0,0,0,0,0,0,10
0,8,3,0,0,0,0,0,0,0,0,0,0,0,0,0,0,0,1
0,0,6,0,0,0,0,0,0,0,0,0,0,0,0,0,0,0,2
0,4,2,0,0,0,0,0,0,0,0,0,0,0,0,0,0,0,1
0,0,1,0,0,0,0,0,0,0,0,0,0,0,0,0,0,0,1
1,0,0,1,0,0,0,0,16,0,0,0,0,0,0,0,0,0,8
0,0,0,0,0,0,0,0,0,0,2,0,0,0,0,0,0,0,10
0,0,1,0,0,0,0,0,0,0,0,0,91,0,0,0,0,0,12
0,0,0,0,0,0,0,1,0,0,0,0,0,0,0,0,0,0,7
0,4,0,0,0,0,0,0,0,0,0,0,0,0,0,0,0,0,1
0,0,11,0,0,0,0,1,0,0,0,0,0,0,0,0,0,0,2
0,0,0,0,0,0,0,20,0,0,0,0,0,0,0,0,0,0,7
46,0,0,0,0,0,0,0,0,0,0,0,0,0,0,0,0,0,0
0,0,7,0,0,0,0,0,0,0,0,0,0,0,0,0,0,0,2
0,0,2,0,0,0,0,0,0,0,0,0,0,0,0,0,0,0,2
0,14,0,0,0,0,0,0,0,0,0,0,0,0,0,0,0,0,1
0,0,9,0,0,0,0,0,0,0,0,0,0,0,0,0,0,0,2
0,0,9,0,0,0,0,0,0,0,0,0,0,0,0,0,0,0,2
4,0,0,0,0,0,0,0,0,0,0,0,0,0,0,0,0,0,0
0,0,0,0,0,0,0,4,0,0,0,0,0,0,0,0,0,0,7
0,0,1,0,19,0,0,0,0,0,0,0,0,0,0,0,0,0,4
0,18,0,0,0,0,0,0,0,0,0,0,0,0,0,0,0,0,1
1,0,0,1,0,0,0,0,19,0,0,0,0,0,0,0,0,0,8
0,6,0,0,0,0,0,0,0,0,0,0,0,0,0,0,0,0,1
0,0,19,0,0,0,0,0,0,0,0,0,0,0,0,0,0,0,2
0,2,47,0,0,0,0,0,0,0,0,0,0,0,0,0,0,0,2
0,0,0,18,0,0,0,0,0,0,0,0,0,0,0,0,0,0,3
0,0,9,0,0,0,0,0,0,0,0,0,0,0,0,0,0,0,2
0,0,0,0,0,0,0,0,0,0,3,0,0,0,0,0,0,0,10
0,0,1,0,0,0,0,0,0,0,0,0,39,0,0,0,0,0,12
0,0,1,4,0,0,0,0,27,0,0,0,0,0,0,0,0,0,8
0,0,0,1,0,0,0,0,33,0,0,0,0,0,0,0,0,0,8
0,1,0,0,0,0,0,0,0,18,0,0,0,0,0,0,0,0,9
0,0,0,0,0,0,0,0,0,0,3,0,0,0,0,0,0,0,10
0,0,0,0,0,0,0,14,0,0,0,0,0,0,0,0,0,0,7
0,0,0,41,0,0,0,0,0,0,0,0,0,0,0,0,0,0,3
0,0,0,0,0,0,0,11,0,0,0,0,0,0,0,0,0,0,7
0,20,2,0,0,0,0,0,0,0,0,0,0,0,0,0,0,0,1
0,0,6,0,0,0,0,0,0,0,0,0,0,0,0,0,0,0,2
0,0,0,0,0,0,0,7,0,0,0,0,0,0,0,0,0,0,7
0,0,1,0,0,0,0,0,0,0,0,0,0,0,0,0,0,0,2
0,0,4,0,0,0,0,0,0,0,0,0,0,0,0,0,0,0,2
0,23,0,0,0,0,0,0,0,0,0,0,0,0,0,0,0,0,1
0,0,85,0,0,0,0,0,0,0,0,0,0,0,0,0,0,0,2
0,0,0,0,0,0,0,0,0,0,0,8,0,0,0,0,0,0,11
0,0,1,0,0,0,0,0,0,0,0,0,17,0,0,0,0,0,12
0,0,0,1,0,0,0,0,5,0,0,0,0,0,0,0,0,0,8
0,0,0,1,0,0,0,0,0,0,0,0,0,0,0,0,0,0,8
0,0,0,1,0,0,0,0,14,0,0,0,0,0,0,0,0,0,8
0,0,0,99,0,0,0,0,0,0,0,0,0,0,0,0,0,0,3
0,0,4,0,0,0,0,0,0,0,0,0,0,0,0,0,0,0,2
0,0,6,0,0,0,0,0,0,0,0,0,0,0,0,0,0,0,2
17,0,0,0,0,0,0,0,0,0,0,0,0,0,0,0,0,0,0
0,0,0,2,0,0,0,0,10,0,0,0,0,0,0,0,0,0,8
0,13,1,0,0,0,0,0,0,0,0,0,0,0,0,0,0,0,1
0,0,0,53,0,0,0,0,0,0,0,0,0,0,0,0,0,0,3
0,3,128,0,0,0,0,0,0,0,0,0,0,0,0,0,0,0,2
3,0,0,0,0,0,0,0,0,0,0,0,0,0,0,0,0,0,0
0,0,0,0,0,0,0,16,0,0,0,0,0,0,0,0,0,0,7
0,0,1,0,0,1,0,0,0,0,0,0,0,0,0,0,0,0,5
0,0,1,0,0,0,0,0,0,0,0,0,0,0,7,0,0,0,14
0,0,0,0,0,0,0,4,0,0,0,0,0,0,0,0,0,0,7
0,0,1,0,0,0,0,0,0,0,0,0,0,0,0,0,0,0,2
0,0,0,0,0,0,0,7,0,0,0,0,0,0,0,0,0,0,7
0,5,0,0,0,0,0,0,0,0,0,0,0,0,0,0,0,0,1
0,0,0,1,0,0,0,0,27,0,0,0,0,0,0,0,0,0,8
0,0,0,50,0,0,0,0,0,0,0,0,0,0,0,0,0,0,3
0,0,0,0,0,0,0,21,0,0,0,0,0,0,0,0,0,0,7
0,12,0,0,0,0,0,0,0,0,0,0,0,0,0,0,0,0,1
0,0,0,1,0,0,0,0,4,0,0,0,0,0,0,0,0,0,8
0,0,0,1,0,0,0,0,13,0,0,0,0,0,0,0,0,0,8
0,0,0,0,0,0,0,27,0,0,0,0,0,0,0,0,0,0,7
1,0,1,2,0,0,0,0,26,0,0,0,0,0,0,0,0,0,8
0,0,13,0,0,0,0,0,0,0,0,1,0,0,0,0,0,0,2
0,0,1,0,0,0,0,0,0,0,0,0,0,0,0,0,0,0,1
0,6,1,0,0,0,0,0,0,0,0,0,0,0,0,0,0,0,1
0,7,0,0,0,0,0,0,0,0,0,0,0,0,0,0,0,0,1
0,0,0,0,0,0,0,8,0,0,0,0,0,0,0,0,0,0,7
0,44,1,0,0,0,0,0,0,0,0,0,0,0,0,0,0,0,1
0,0,0,0,0,0,0,5,0,0,0,0,0,0,0,0,0,0,7
0,0,0,14,0,0,0,0,0,0,0,0,0,0,0,0,0,0,3
0,0,1,0,0,0,0,0,0,0,0,0,10,0,0,0,0,0,12
0,0,6,0,0,0,0,0,0,0,0,0,0,0,0,0,0,0,2
9,0,0,0,0,0,0,0,0,0,0,0,0,0,0,0,0,0,0
0,0,2,0,0,0,0,0,0,0,0,0,0,0,0,0,0,0,2
0,0,0,0,0,0,0,13,0,0,0,0,0,0,0,0,0,0,7
0,0,0,0,0,0,0,8,0,0,0,0,0,0,0,0,0,0,7
0,0,94,0,0,0,0,0,0,0,0,0,0,0,0,0,0,0,2
0,0,0,1,0,0,0,0,33,0,0,0,0,0,0,0,0,0,8
0,66,1,0,0,0,0,0,0,0,0,0,0,0,0,0,0,0,1
0,0,1,0,0,0,0,0,0,0,0,0,0,0,0,0,0,0,2
0,0,0,10,0,0,0,0,53,0,0,0,0,0,0,0,0,0,8
0,0,1,0,0,0,0,0,0,0,0,0,0,0,0,0,0,0,12
0,0,0,0,0,0,0,13,0,0,0,0,0,0,0,0,0,0,7
0,5,1,0,0,0,0,0,0,0,0,0,0,0,0,0,0,0,1
0,0,99,0,0,0,0,0,0,0,0,0,0,0,0,0,0,0,2
0,0,1,0,0,0,0,0,0,0,0,0,0,0,0,0,0,0,2
0,0,0,12,0,0,0,0,92,0,0,0,0,0,0,0,0,0,8
8,0,0,0,0,0,0,0,0,0,0,0,0,0,0,0,0,0,0
0,0,0,1,0,0,0,0,0,0,0,0,0,0,0,0,0,0,3
0,6,1,0,0,0,0,0,0,0,0,0,0,0,0,0,0,0,1
31,0,0,0,0,0,0,0,0,0,0,0,0,0,0,0,0,0,0
0,0,0,0,0,0,0,26,0,0,0,0,0,0,0,0,0,0,7
0,0,18,0,0,0,0,0,0,0,0,0,0,0,0,0,0,0,2
0,0,0,0,0,0,0,0,0,0,3,0,0,0,0,0,0,0,10
0,14,1,0,0,0,0,0,0,0,0,0,0,0,0,0,0,0,1
4,0,0,0,0,0,0,0,0,0,0,0,0,0,0,0,0,0,0
0,0,0,0,0,0,0,14,0,0,0,0,0,0,0,0,0,0,7
0,0,0,39,0,0,0,0,0,0,0,0,0,0,0,0,0,0,3
5,0,0,0,0,0,0,0,0,0,0,0,0,0,0,0,0,0,0
0,0,0,0,0,0,0,6,0,0,0,0,0,0,0,0,0,0,7
0,0,0,0,0,0,0,5,0,0,0,0,0,0,0,0,0,0,7
0,0,0,0,0,0,0,19,0,0,0,0,0,0,0,0,0,0,7
0,0,1,0,0,0,0,0,0,0,0,0,0,0,0,0,0,0,2
0,0,0,39,0,0,0,0,0,0,0,0,0,0,0,0,0,0,3
0,0,28,0,0,0,0,0,0,0,0,0,0,0,0,0,0,0,2
0,0,0,12,0,0,0,0,0,0,0,0,0,0,0,0,0,0,3
0,3,1,0,0,0,0,0,0,0,0,0,0,0,0,0,0,0,1
0,0,4,0,0,0,0,0,0,0,0,0,0,0,0,0,0,0,2
0,0,0,0,0,0,0,14,0,0,0,0,0,0,0,0,0,0,7
0,0,3,0,0,0,0,0,0,0,0,0,30,0,0,0,0,0,12
0,0,0,1,0,0,0,0,10,0,0,0,0,0,0,0,1,0,8
0,0,0,0,0,0,0,2,0,0,0,0,0,0,0,0,0,0,7
0,0,1,9,0,0,0,0,93,0,0,0,0,0,0,0,0,0,8
0,0,0,0,0,0,0,0,0,0,0,4,0,0,0,0,0,0,11
0,0,0,0,0,0,0,2,0,0,0,0,0,0,0,0,0,0,7
0,0,0,1,0,0,0,0,3,0,0,0,0,0,0,0,0,0,8
0,0,3,0,0,0,0,0,0,0,0,0,0,0,0,0,0,0,2
0,8,3,0,0,0,0,0,0,0,0,0,0,0,0,0,0,0,1
0,0,0,53,0,0,0,0,0,0,0,0,0,0,0,0,0,0,3
0,0,27,0,0,0,0,0,0,0,0,0,0,0,0,0,0,0,2
0,0,1,0,0,0,0,0,0,0,0,0,20,0,0,0,0,0,12
0,0,1,0,0,0,0,0,0,0,0,0,0,0,0,0,0,0,2
0,17,0,0,0,0,0,0,0,0,0,0,0,0,0,0,0,0,1
10,0,0,0,0,0,0,0,0,0,0,0,0,0,0,0,0,0,0
0,0,1,0,0,0,0,0,0,0,0,0,0,15,0,0,0,0,13
0,30,1,0,0,0,0,0,0,0,0,0,0,0,0,0,0,0,1
0,43,1,0,1,0,0,0,0,0,0,0,0,0,0,0,0,0,1
0,0,0,1,0,0,0,0,6,0,0,0,0,0,0,0,0,0,8
0,3,1,0,0,0,0,0,0,0,0,0,0,0,0,0,0,0,1
0,0,0,16,0,0,0,0,1,0,0,0,0,0,0,0,0,0,3
0,0,0,0,0,0,0,38,0,0,0,0,0,0,0,0,0,0,7
0,0,0,133,0,0,0,0,0,0,0,0,0,0,0,0,0,0,3
0,0,4,0,0,0,0,1,0,0,0,0,0,0,0,0,0,0,2
0,52,0,0,0,0,0,0,0,0,0,0,0,0,0,0,0,0,1
0,0,0,1,0,0,0,0,1,0,0,0,0,0,0,0,0,0,8
0,0,0,0,0,0,0,15,0,0,0,0,0,0,0,0,0,0,7
0,0,0,0,0,0,0,14,0,0,0,0,0,0,0,0,0,0,7
0,0,10,0,0,0,0,0,0,0,0,0,0,0,0,0,0,0,2
0,28,2,0,0,0,0,0,0,0,0,0,0,0,0,0,0,0,1
0,0,0,0,0,0,0,9,0,0,0,0,0,0,0,0,0,0,7
0,0,2,0,0,0,0,0,0,0,0,0,0,0,0,0,0,0,2
0,0,58,0,0,0,0,0,0,0,0,0,0,0,0,0,0,0,2
0,0,0,1,0,0,0,0,2,0,0,0,0,0,0,0,0,0,8
0,0,0,0,0,0,0,0,0,0,0,5,0,0,0,0,0,0,11
0,0,2,0,0,0,0,0,0,0,0,0,0,0,0,0,0,0,2
0,7,0,0,0,0,0,0,0,0,0,0,0,0,0,0,0,0,1
0,0,0,1,0,0,0,0,23,0,0,0,0,0,0,0,1,0,8
0,29,1,0,0,0,0,0,0,0,0,0,0,0,0,0,0,0,1
0,0,12,0,0,0,0,0,0,0,0,0,0,0,0,0,0,0,2
0,0,16,0,0,0,0,0,0,0,0,0,0,0,0,0,0,0,2
0,0,3,0,0,0,0,0,0,0,0,0,0,0,0,0,0,0,2
0,0,28,0,0,0,0,1,0,0,0,0,0,0,0,0,0,0,2
0,0,0,0,0,0,0,1,0,0,0,0,0,0,0,0,0,0,7
0,0,0,0,0,0,0,0,0,0,0,2,0,0,0,0,0,0,11
0,0,2,0,0,0,0,0,0,0,0,0,1,0,3,0,0,0,14
0,0,0,0,0,0,0,0,0,0,0,26,0,0,0,0,0,0,11
0,0,6,0,0,0,0,0,0,0,0,0,0,0,0,0,0,0,2
0,0,0,0,0,0,0,0,0,0,4,0,0,0,0,0,0,0,10
1,0,1,3,0,0,0,0,36,0,0,0,0,0,0,0,0,0,8
0,4,1,0,0,0,0,0,0,0,0,0,0,0,0,0,0,0,1
0,0,0,0,0,0,0,1,0,0,0,0,0,0,0,0,0,0,7
2,0,0,0,0,0,0,0,0,0,0,0,0,0,0,0,0,0,0
38,0,0,0,0,0,0,0,0,0,0,0,0,0,0,0,0,0,0
0,0,13,0,0,0,0,0,0,0,0,0,0,0,0,0,0,0,2
0,63,1,0,0,0,0,0,0,0,0,0,0,0,0,0,0,0,1
0,0,39,0,0,0,0,0,0,0,0,0,0,0,0,0,0,0,2
0,0,1,3,0,0,0,0,21,0,0,0,0,0,0,0,0,0,8
0,0,0,0,0,0,0,5,0,0,0,0,0,0,0,0,0,0,7
0,0,1,0,0,0,0,0,0,0,0,0,22,0,0,0,0,0,12
0,0,1,0,0,0,0,0,0,0,0,0,35,0,0,0,0,0,12
0,1,16,0,0,0,0,0,0,0,0,0,0,0,0,0,0,0,2
0,0,1,0,0,0,0,0,0,0,0,0,9,0,0,0,0,0,12
44,0,0,0,0,0,0,0,0,0,0,0,0,0,0,0,0,0,0
0,0,2,0,0,0,0,0,0,0,0,0,0,0,0,0,0,0,2
0,0,0,1,0,0,0,0,2,0,0,0,0,0,0,0,0,0,8
0,0,12,0,0,0,0,0,0,0,0,0,0,0,0,0,0,0,2
0,0,0,13,0,0,0,0,0,0,0,0,0,0,0,0,0,0,3
0,0,0,108,0,0,0,0,1,0,0,0,0,0,0,0,0,0,3
0,0,0,24,0,0,0,0,0,0,0,0,0,0,0,0,1,0,3
0,0,0,11,0,0,0,0,0,0,0,0,0,0,0,0,0,0,3
1,0,1,5,0,0,0,0,92,0,0,0,0,0,0,0,0,0,8
0,0,38,0,0,0,0,0,0,0,0,0,0,0,0,0,0,0,2
0,0,0,163,0,0,0,0,0,0,0,0,0,0,0,0,0,0,3
0,0,6,0,0,0,0,0,0,0,0,0,0,0,0,0,0,0,2
0,2,1,0,0,0,0,0,0,0,0,0,0,0,0,0,0,0,1
0,0,47,0,0,0,0,0,0,0,0,0,0,0,0,0,0,0,2
0,0,30,0,0,0,0,0,0,0,0,0,0,0,0,0,0,0,2
0,0,0,0,0,0,0,0,0,0,0,8,0,0,0,0,0,0,11
0,0,0,0,0,0,0,9,0,0,0,0,0,0,0,0,0,0,7
0,0,7,0,0,0,0,0,0,0,0,0,0,0,0,0,0,0,2
0,63,1,0,0,0,0,0,0,0,0,0,0,0,0,0,0,0,1
0,0,0,0,0,0,0,3,0,0,0,0,0,0,0,0,0,0,7
0,0,1,0,0,0,0,0,0,0,0,0,86,0,0,0,0,0,12
0,0,0,1,0,0,0,0,2,0,0,0,0,0,0,0,0,0,8
2,0,0,0,0,0,0,0,0,0,0,0,0,0,0,0,0,0,0
0,0,0,1,0,0,0,0,2,0,0,0,0,0,0,0,0,0,8
0,0,4,0,0,0,0,0,0,0,0,0,0,0,0,0,0,0,2
0,0,5,0,0,0,0,0,0,0,0,0,0,0,0,0,0,0,2
0,0,13,0,0,0,0,0,0,0,0,0,0,0,0,0,0,0,2
0,0,2,0,0,0,0,0,0,0,0,0,0,0,0,0,0,0,2
0,0,0,0,0,0,0,0,0,0,0,9,0,0,0,0,0,0,11
0,1,0,0,0,0,0,0,0,0,0,0,0,0,0,0,0,0,1
0,1,1,0,0,0,0,0,0,0,0,0,0,0,0,0,0,0,1
17,0,0,0,0,0,0,0,0,0,0,0,0,0,0,0,0,0,0
0,0,51,0,0,0,0,0,0,0,0,0,0,0,0,0,0,0,2
1,0,0,1,0,0,0,0,35,0,0,0,0,0,0,0,0,0,8
0,0,0,1,0,0,0,0,1,0,0,0,0,0,0,0,0,8,17
0,0,0,73,0,0,0,0,0,0,0,0,0,0,0,0,0,0,3
0,0,0,0,0,0,0,4,0,0,0,0,0,0,0,0,0,0,7
0,5,0,0,0,0,0,0,0,0,0,0,0,0,0,0,0,0,1
0,12,0,0,0,0,0,0,0,0,0,0,0,0,0,0,0,0,1
0,0,0,0,0,0,0,5,0,0,0,0,0,0,0,0,0,0,7
0,0,3,0,0,0,0,0,0,0,0,0,0,0,0,0,0,0,2
0,0,0,0,0,0,0,7,0,0,0,0,0,0,0,0,0,0,7
0,0,0,114,0,0,0,0,1,0,0,0,0,0,0,0,0,0,3
0,0,49,0,0,0,0,0,0,0,0,0,0,0,0,0,0,0,2
0,0,0,0,0,0,0,30,0,0,0,0,0,0,0,0,0,0,7
0,0,0,1,0,0,0,0,52,0,0,0,0,0,0,0,0,0,8
0,37,1,0,0,0,0,0,0,0,0,0,0,0,0,0,0,0,1
0,0,1,0,0,0,0,0,0,0,0,0,0,0,0,0,0,0,2
2,0,0,0,0,0,0,0,0,0,0,0,0,0,0,0,0,0,0
0,0,16,0,0,0,0,0,0,0,0,0,0,0,0,0,0,0,2
0,0,0,0,0,0,0,5,0,0,0,0,0,0,0,0,0,0,7
3,0,0,0,0,0,0,0,0,0,0,0,0,0,0,0,0,0,0
0,0,5,0,0,0,0,0,0,0,0,0,0,0,0,0,0,0,2
0,0,0,2,0,0,0,0,6,0,0,0,0,0,0,0,0,0,8
0,0,0,0,0,0,0,1,0,0,0,0,0,0,0,0,0,0,7
3,1,0,0,0,0,0,0,0,0,0,0,0,0,0,0,0,0,0
0,0,0,0,0,0,0,0,0,0,0,1,0,0,0,0,0,0,11
0,0,0,1,0,0,0,0,6,0,0,0,0,0,0,0,0,0,8
0,0,2,0,0,0,0,0,0,0,0,0,0,0,0,0,0,0,2
0,0,6,0,0,0,0,0,0,0,0,0,0,0,0,0,0,0,2
2,0,0,0,0,0,0,0,0,0,0,0,0,0,0,0,0,0,0
0,18,1,0,0,0,0,0,0,0,0,0,0,0,0,0,0,0,1
0,0,1,0,0,0,0,0,0,0,0,0,0,0,0,0,0,0,2
0,0,0,0,0,0,0,0,0,0,1,0,0,0,0,0,0,0,10
0,10,1,0,0,0,0,0,0,0,0,0,0,0,0,0,0,0,1
0,10,0,0,0,0,0,0,0,0,0,0,0,0,0,0,0,0,1
0,0,0,1,0,0,0,0,0,0,0,0,0,0,0,0,0,0,17
0,0,0,15,0,0,0,0,2,0,0,0,0,0,0,0,0,0,3
0,0,4,0,0,0,0,0,0,0,0,0,0,0,0,0,0,0,2
0,0,1,0,0,0,0,0,0,0,0,0,0,0,0,4,0,0,15
1,0,1,2,0,0,0,0,40,0,0,0,0,0,0,0,0,0,8
0,0,0,2,0,0,0,0,18,0,0,0,0,0,0,0,0,0,8
0,0,0,1,0,0,0,0,3,0,0,0,0,0,0,0,0,0,8
0,53,1,0,0,0,0,0,0,0,0,0,0,0,0,0,0,0,1
0,0,8,0,0,0,0,0,0,0,0,0,0,0,0,0,0,0,2
0,0,14,0,0,0,0,0,0,0,0,0,1,0,0,0,0,0,2
0,1,0,0,0,0,0,0,0,0,0,0,0,0,0,0,0,0,1
0,12,0,0,0,0,0,0,0,0,0,0,0,0,0,0,0,0,1
0,7,92,0,0,0,0,0,0,0,0,0,0,0,0,0,0,0,2
0,49,3,0,0,0,0,0,0,0,0,0,0,0,0,0,0,0,1
0,9,1,0,0,0,0,0,0,0,0,0,0,0,0,0,0,0,1
1,1,0,0,0,0,0,0,0,0,0,0,0,0,0,0,0,0,0
3,0,0,0,0,0,0,0,0,0,0,0,0,0,0,0,0,0,0
0,0,60,0,0,0,0,0,0,0,0,0,0,0,0,0,0,0,2
0,3,1,0,0,0,0,0,0,0,0,0,0,0,0,0,0,0,1
0,5,1,0,0,0,0,0,0,0,0,0,0,0,0,0,0,0,1
0,0,1,0,0,0,0,0,0,0,0,0,0,0,5,0,0,0,14
1,0,1,3,0,0,0,0,20,0,0,0,0,0,0,0,0,0,8
0,0,0,0,0,0,0,12,0,0,0,0,0,0,0,0,0,0,7
0,0,66,0,0,0,0,0,0,0,0,0,0,0,0,0,0,0,2
0,0,4,0,0,0,0,0,0,0,0,0,0,0,0,0,0,0,2
1,0,0,0,0,0,0,0,0,0,0,0,0,0,0,0,0,0,0
0,0,1,0,0,0,0,0,0,0,0,0,0,0,0,0,0,0,2
1,0,0,2,0,0,0,0,24,0,0,0,0,0,0,0,0,0,8
0,0,0,0,0,0,0,0,0,0,0,0,0,0,0,0,0,0,0
0,38,1,0,0,0,0,0,0,0,0,0,0,0,0,0,0,0,1
0,13,0,0,0,0,0,0,0,0,0,0,0,0,0,0,0,0,1
0,0,59,0,0,0,0,0,0,0,0,0,0,0,0,0,0,0,2
0,2,0,0,0,0,0,0,0,0,0,0,0,0,0,0,0,0,1
0,0,1,0,0,0,0,0,0,0,0,0,0,15,0,0,0,0,13
0,0,19,0,0,0,0,0,0,0,0,0,0,0,0,0,0,0,2
0,0,63,0,0,0,0,0,0,0,0,0,0,0,0,0,0,0,2
0,0,6,0,0,0,0,0,0,0,0,0,0,0,0,0,0,0,2
0,0,5,0,0,0,0,0,0,0,0,0,0,0,0,0,0,0,2
0,7,0,0,0,0,0,0,0,0,0,0,0,0,0,0,0,0,1
0,4,1,0,0,0,0,0,0,0,0,0,0,0,0,0,0,0,1
0,0,0,0,0,0,0,0,0,0,0,1,0,0,0,0,0,0,11
0,0,2,0,0,0,0,0,0,0,0,0,62,0,0,0,0,0,12
0,11,0,0,0,0,0,0,0,0,0,0,0,0,0,0,0,0,1
0,0,5,0,0,0,0,0,0,0,0,0,0,0,0,0,0,0,2
0,0,49,0,0,0,0,0,0,0,0,0,0,0,0,0,0,0,2
0,0,0,1,0,0,0,0,47,0,0,0,0,0,0,0,0,0,8
0,0,74,0,0,0,0,0,0,0,0,0,0,0,0,0,0,0,2
0,0,12,0,0,0,0,1,0,0,0,0,0,0,0,0,0,0,2
7,0,0,0,0,0,0,0,0,0,0,0,0,0,0,0,0,0,0
17,0,0,0,0,0,0,0,0,0,0,0,0,0,0,0,0,0,0
0,0,0,0,0,0,0,0,0,0,2,0,0,0,0,0,0,0,10
20,0,0,0,0,0,0,0,0,0,0,0,0,0,0,0,0,0,0
0,4,0,0,0,0,0,0,0,0,0,0,0,0,0,0,0,0,1
1,0,1,2,0,0,0,0,49,0,0,0,0,0,0,0,0,0,8
2,0,0,0,0,0,0,0,0,0,0,0,0,0,0,0,0,0,0
0,0,0,0,0,0,0,3,0,0,0,0,0,0,0,0,0,0,7
0,0,0,0,0,0,0,4,0,0,0,0,0,0,0,0,0,0,7
0,12,1,0,0,0,0,0,0,0,0,0,0,0,0,0,0,0,1
0,0,22,0,0,0,0,0,0,0,0,0,0,0,0,0,0,0,2
0,11,0,0,0,0,0,0,0,0,0,0,0,0,0,0,0,0,1
0,0,19,0,0,0,0,0,0,0,0,0,0,0,0,0,0,0,2
0,0,0,2,0,0,0,0,18,0,0,0,0,0,0,0,0,0,8
0,0,2,0,0,0,0,0,0,0,0,0,0,0,0,0,0,0,2
34,0,0,0,0,0,0,0,0,0,0,0,0,0,0,0,0,0,0
0,14,1,0,0,0,0,0,0,0,0,0,0,0,0,0,0,0,1
0,0,0,0,0,0,0,2,0,0,0,0,0,0,0,0,0,0,7
0,0,0,63,0,0,0,0,0,0,0,0,0,0,0,0,0,0,3
0,0,0,4,0,0,0,0,26,0,0,0,0,0,0,0,0,0,8
0,0,0,169,0,0,0,0,0,0,0,0,0,0,0,0,0,0,3
0,0,0,86,0,0,0,0,0,0,0,0,0,0,0,0,0,0,3
0,0,0,0,0,0,0,6,0,0,0,0,0,0,0,0,0,0,7
0,0,0,0,0,0,0,1,0,0,0,0,0,0,0,0,0,0,7
0,0,0,0,0,0,0,22,0,0,0,0,0,0,0,0,0,0,7
0,1,25,0,0,0,0,0,0,0,0,0,0,0,0,0,0,0,2
0,0,1,0,0,0,0,0,0,0,0,0,0,0,0,0,0,0,2
0,9,0,0,0,0,0,0,0,0,0,0,0,0,0,0,0,0,1
0,0,1,0,0,0,0,0,0,0,0,0,0,11,0,0,0,0,13
0,0,5,0,0,0,0,0,0,0,0,0,0,0,0,0,0,0,2
0,0,0,0,0,0,0,8,0,0,0,0,0,0,0,0,0,0,7
0,0,0,0,0,0,0,6,0,0,0,0,0,0,0,0,0,0,7
0,0,0,2,0,0,0,0,0,0,0,0,0,0,0,0,0,0,3
0,1,1,0,0,0,0,0,0,0,0,0,0,0,0,0,0,0,1
0,0,1,1,0,0,0,0,2,0,0,0,0,0,0,0,0,0,8
0,17,0,0,0,0,0,0,0,0,0,0,0,0,0,0,0,0,1
0,0,10,0,0,0,0,0,0,0,0,0,0,0,0,0,0,0,2
0,0,0,0,0,0,0,4,0,0,0,0,0,0,0,0,0,0,7
12,0,0,0,0,0,0,0,0,0,0,0,0,0,0,0,0,0,0
0,0,7,0,0,0,0,0,0,0,0,0,0,0,0,0,0,0,2
0,0,0,0,0,0,0,7,0,0,0,0,0,0,0,0,0,0,7
0,0,12,0,0,0,0,0,0,0,0,0,0,0,0,0,0,0,2
0,0,0,0,0,0,0,5,0,0,0,0,0,0,0,0,0,0,7
0,0,0,0,0,0,0,5,0,0,0,0,0,0,0,0,0,0,7
0,0,40,0,0,0,0,0,0,0,0,0,0,0,0,0,0,0,2
0,0,0,0,0,0,0,1,0,0,0,0,0,0,0,0,0,0,7
0,0,0,0,0,0,0,8,0,0,0,0,0,0,0,0,0,0,7
0,0,44,0,0,0,0,0,0,0,0,0,0,0,0,0,0,0,2
0,0,57,0,0,0,0,0,0,0,0,0,0,0,0,0,0,0,2
0,0,1,0,0,0,0,0,0,0,0,0,7,0,0,0,0,0,12
10,0,0,0,0,0,0,0,0,0,0,0,0,0,0,0,0,0,0
0,0,0,0,0,0,0,0,0,0,0,3,0,0,0,0,0,0,11
0,0,5,0,0,0,0,0,0,0,0,0,0,0,0,0,0,0,2
0,0,0,31,0,0,0,0,0,0,0,0,0,0,0,0,0,0,3
0,1,0,0,0,0,0,0,0,12,0,0,0,0,0,0,0,0,9
0,0,118,0,0,0,0,0,0,0,0,0,0,0,0,0,0,0,2
0,0,1,0,14,0,0,0,0,0,0,0,0,0,0,0,0,0,4
0,0,0,0,0,0,0,15,0,0,0,0,0,0,0,0,0,0,7
1,0,1,6,0,0,0,0,91,0,0,0,0,0,0,0,0,0,8
0,0,0,70,0,0,0,0,1,0,0,0,0,0,0,0,0,0,3
0,0,128,0,0,0,0,0,0,0,0,0,0,0,0,0,0,0,2
0,0,0,0,0,0,0,4,0,0,0,0,0,0,0,0,0,0,7
0,0,6,0,0,0,0,0,0,0,0,0,0,0,0,0,0,0,2
0,0,1,0,0,0,0,0,0,0,0,0,0,0,0,0,0,0,12
0,0,1,4,0,0,0,0,45,0,0,0,0,0,0,0,0,0,8
1,0,0,2,0,0,0,0,49,0,0,0,0,0,0,0,0,0,8
1,0,1,4,0,0,0,0,16,0,0,0,0,0,0,0,0,0,3
0,0,32,0,0,0,0,0,0,0,0,0,0,0,0,0,0,0,2
0,0,1,0,0,0,0,0,0,0,0,0,8,0,0,0,0,0,12
0,0,0,0,0,0,0,4,0,0,0,0,0,0,0,0,0,0,7
0,0,27,0,0,0,0,0,0,0,0,0,0,0,0,0,0,0,2
0,0,1,0,0,0,0,0,0,0,0,0,0,1,0,0,0,0,13
0,0,1,0,0,0,0,0,0,0,0,0,0,0,0,0,0,0,1
0,0,1,0,23,0,0,0,0,0,0,0,0,0,0,0,0,0,4
5,0,1,0,0,0,0,0,0,0,0,0,0,0,0,0,0,0,0
0,0,12,0,0,0,0,0,0,0,0,0,0,0,0,0,0,0,2
0,3,1,0,0,0,0,0,0,0,0,0,0,0,0,0,0,0,1
0,3,1,0,0,0,0,0,0,0,0,0,0,0,0,0,0,0,1
0,0,0,101,0,0,0,0,0,0,0,0,0,0,0,0,0,0,3
0,0,0,0,0,0,0,36,0,0,0,0,0,0,0,0,0,0,7
0,0,0,0,0,0,0,4,0,0,0,0,0,0,0,0,0,0,7
0,37,0,0,0,0,0,0,0,0,0,0,0,0,0,0,0,0,1
0,0,0,0,0,0,0,3,0,0,0,0,0,0,0,0,0,0,7
0,3,14,0,0,0,0,0,0,0,0,0,0,0,0,0,0,0,2
0,10,1,0,0,0,0,0,0,0,0,0,0,0,0,0,0,0,1
0,0,71,0,0,0,0,0,0,0,0,0,0,0,0,0,0,0,2
0,10,1,0,0,0,0,0,0,0,0,0,0,0,0,0,0,0,1
0,0,0,0,0,0,0,4,0,0,0,0,0,0,0,0,0,0,7
0,0,0,0,0,0,0,0,0,0,0,7,0,0,0,0,0,0,11
0,10,4,0,0,0,0,0,0,0,0,0,0,0,0,0,0,0,1
0,11,16,0,0,0,0,0,0,0,0,0,0,0,0,0,0,0,2
0,0,1,0,0,0,0,0,0,0,0,0,0,0,0,0,0,0,2
18,0,0,0,0,0,0,0,0,0,0,0,0,0,0,0,0,0,0
0,1,0,0,0,0,0,0,0,0,0,0,0,0,0,0,0,0,10
0,19,2,0,0,0,0,0,0,0,0,0,0,0,0,0,0,0,1
0,0,143,0,0,0,0,0,0,0,0,0,0,0,0,0,0,0,2
0,0,95,0,0,0,0,0,0,0,0,0,0,0,0,0,0,0,2
0,0,0,52,0,0,0,0,0,0,0,0,0,0,0,0,0,0,3
0,3,0,0,0,0,0,0,0,0,0,0,0,0,0,0,0,0,1
0,0,0,0,0,0,0,0,0,0,0,4,0,0,0,0,0,0,11
0,0,0,116,0,0,0,0,0,0,0,0,0,0,0,0,0,0,3
9,0,0,0,0,0,0,0,0,0,0,0,0,0,0,0,0,0,0
0,0,1,0,0,0,0,0,0,0,0,0,0,0,0,0,0,0,1
0,0,0,1,0,0,0,0,4,0,0,0,0,0,0,0,0,0,8
0,0,0,1,0,0,0,0,26,0,0,0,0,0,0,0,0,0,8
0,44,1,0,0,0,0,0,0,0,0,0,0,0,0,0,0,0,1
0,0,0,0,0,0,0,16,0,0,0,0,0,0,0,0,0,0,7
0,0,2,0,0,0,0,0,0,0,0,0,0,0,0,0,0,0,2
0,0,0,1,0,0,0,0,29,0,0,0,0,0,0,0,0,0,8
1,0,0,0,0,0,0,0,0,0,0,0,0,0,0,0,0,0,0
0,0,4,0,0,0,0,0,0,0,0,0,0,0,0,0,0,0,2
0,0,0,0,0,0,0,9,0,0,0,0,0,0,0,0,0,0,7
0,0,0,56,0,0,0,0,0,0,0,0,0,0,0,0,0,0,3
10,0,0,0,0,0,0,0,0,0,0,0,0,0,0,0,0,0,0
1,0,0,0,0,0,0,0,0,0,0,0,0,0,0,0,0,0,0
0,0,0,0,0,0,0,4,0,0,0,0,0,0,0,0,0,0,7
0,2,0,0,0,0,0,0,0,0,0,0,0,0,0,0,0,0,1
0,0,0,0,0,0,0,20,0,0,0,0,0,0,0,0,0,0,7
0,0,0,2,0,0,0,0,32,0,0,0,0,0,0,0,0,0,8
0,0,0,0,0,0,0,10,0,0,0,0,0,0,0,0,0,0,7
0,0,0,0,0,0,0,10,0,0,0,0,0,0,0,0,0,0,7
0,0,0,0,0,0,0,0,0,0,2,0,0,0,0,0,0,0,10
0,0,0,1,0,0,0,0,23,0,0,0,0,0,0,0,0,0,8
0,0,0,0,0,0,0,11,0,0,0,0,0,0,0,0,0,0,7
0,0,2,0,0,0,0,0,0,0,0,0,0,0,0,0,0,0,2
0,40,1,0,0,0,0,0,0,0,0,0,0,0,0,0,0,0,1
0,48,0,0,0,0,0,0,0,0,0,0,0,0,0,0,0,0,7
0,0,47,0,0,0,0,0,0,0,0,0,1,0,0,0,0,0,2
0,0,0,1,0,0,0,0,0,0,0,0,0,0,0,0,8,0,16
0,0,33,0,0,0,0,0,0,0,0,0,0,0,0,0,0,0,2
0,0,0,0,0,0,0,6,0,0,0,0,0,0,0,0,0,0,7
0,10,27,0,0,0,0,0,0,0,0,0,0,0,0,0,0,0,2
0,5,0,0,0,0,0,0,0,0,0,0,0,0,0,0,0,0,1
0,14,1,0,0,0,0,0,0,0,0,0,0,0,0,0,0,0,1
0,0,0,0,0,0,0,2,0,0,0,0,0,0,0,0,0,0,7
0,0,1,0,0,0,0,0,0,0,0,0,55,0,0,0,0,0,12
0,1,11,0,0,0,0,0,0,0,0,0,0,0,0,0,0,0,2
0,1,6,0,0,0,0,0,0,0,0,0,0,0,0,0,0,0,8
0,0,0,1,0,0,0,0,34,0,0,0,0,0,0,0,0,0,8
0,0,0,72,0,0,0,0,3,0,0,0,0,0,0,0,0,0,3
0,0,17,0,0,0,0,0,0,0,0,0,0,0,0,0,0,0,2
0,0,16,0,0,0,0,0,0,0,0,0,0,0,0,0,0,0,2
0,0,38,0,0,0,0,0,0,0,0,0,0,0,0,0,0,0,2
0,3,1,0,0,0,0,0,0,0,0,0,0,0,0,0,0,0,1
0,0,0,0,0,0,0,7,0,0,0,0,0,0,0,0,0,0,7
0,0,0,0,0,0,0,1,0,0,0,0,0,0,0,0,0,0,7
0,0,1,0,0,0,0,0,0,0,0,0,29,0,0,0,0,0,12
0,0,0,1,0,0,0,0,0,0,0,0,0,0,0,0,0,0,3
0,0,5,0,0,0,0,0,0,0,0,0,0,0,0,0,0,0,2
0,2,1,0,0,0,0,0,0,0,0,0,0,0,0,0,0,0,1
0,1,0,0,0,0,0,0,0,0,2,0,0,0,0,0,0,0,10
0,0,0,0,0,0,0,26,0,0,0,0,0,0,0,0,0,0,7
0,0,1,0,0,0,0,0,0,0,0,0,29,0,0,0,0,0,12
0,0,0,0,0,0,0,0,0,0,0,2,0,0,0,0,0,0,11
0,5,7,0,0,0,0,0,0,0,0,0,0,0,0,0,0,0,2
0,0,1,0,6,0,0,0,0,0,0,0,0,0,0,0,0,0,4
0,0,0,0,0,0,0,2,0,0,0,1,0,0,0,0,0,0,7
0,0,0,0,0,0,0,0,0,0,0,4,0,0,0,0,0,0,11
0,0,0,5,0,0,0,0,0,0,0,0,0,0,0,0,0,0,3
0,0,0,0,0,0,0,4,0,0,0,0,0,0,0,0,0,0,7
0,0,0,0,0,0,0,18,0,0,0,0,0,0,0,0,0,0,7
0,29,1,0,0,0,0,0,0,0,0,0,0,0,0,0,0,0,1
3,0,0,0,0,0,0,0,0,0,0,0,0,0,0,0,0,0,0
0,0,0,0,0,0,0,6,0,0,0,0,0,0,0,0,0,0,7
0,7,1,0,0,0,0,0,0,0,0,0,0,0,0,0,0,0,1
0,34,3,0,0,0,0,0,0,0,0,0,0,0,0,0,0,0,1
0,0,1,0,0,0,0,0,0,0,0,0,0,0,1,0,0,0,14
0,0,0,1,0,0,0,0,0,0,0,0,0,0,0,0,0,0,17
0,0,0,0,0,0,0,15,0,0,0,0,0,0,0,0,0,0,7
0,0,0,0,0,0,0,0,0,0,0,5,0,0,0,0,0,0,11
0,0,0,0,0,0,0,11,0,0,0,0,0,0,0,0,0,0,7
0,0,1,0,0,0,0,0,0,0,0,0,0,0,0,0,0,0,2
0,34,2,0,0,0,0,0,0,0,0,0,0,0,0,0,0,0,1
16,0,0,0,0,0,0,0,0,0,0,0,0,0,0,0,0,0,0
0,0,14,0,0,0,0,0,0,0,0,0,0,0,0,0,0,0,2
0,0,6,0,0,0,0,1,0,0,0,0,0,0,0,0,0,0,2
0,0,1,0,9,0,0,0,0,0,0,0,0,0,0,0,0,0,4
1,0,0,0,0,0,0,0,0,0,0,0,0,0,0,0,0,0,0
0,0,2,0,0,0,0,0,0,0,0,0,51,0,0,0,0,0,12
0,4,4,0,0,0,0,0,0,0,0,0,0,0,0,0,0,0,2
0,0,0,1,0,0,0,0,13,0,0,0,0,0,0,0,0,0,8
1,0,0,0,0,0,0,0,0,0,0,0,0,0,0,0,0,0,0
0,14,1,0,0,0,0,0,0,0,0,0,0,0,0,0,0,0,1
0,0,1,0,0,0,0,0,0,0,0,0,9,0,0,0,0,0,12
0,1,0,1,0,0,0,0,0,0,0,0,0,0,0,0,0,0,1
1,0,1,3,0,0,0,0,40,0,0,0,0,0,0,0,0,0,8
0,0,0,2,0,0,0,0,43,0,0,0,0,0,0,0,0,0,8
0,18,1,0,0,0,0,0,0,0,0,0,0,0,0,0,0,0,1
0,1,1,0,10,0,0,0,0,0,0,0,0,0,0,0,0,0,4
0,0,0,0,0,0,0,0,0,0,0,13,0,0,0,0,0,0,11
0,0,0,3,0,0,0,0,70,0,0,0,0,0,0,0,0,0,8
0,0,2,0,0,0,0,0,0,0,0,0,0,0,0,0,0,0,2
0,0,0,0,0,0,0,2,0,0,0,0,0,0,0,0,0,0,7
0,0,1,0,0,0,0,0,0,0,0,0,3,0,0,0,0,0,12
0,0,23,0,0,0,0,0,0,0,0,0,0,0,0,0,0,0,2
0,0,0,3,0,0,0,0,7,0,0,0,0,0,0,0,0,0,8
0,5,0,0,0,0,0,0,0,0,0,0,0,0,0,0,0,0,1
0,0,9,0,0,0,0,0,0,0,0,0,0,0,0,0,0,0,2
0,0,0,0,0,0,0,3,0,0,0,0,0,0,0,0,0,0,7
0,0,80,0,0,0,0,0,0,0,0,0,0,0,0,0,0,0,2
1,0,0,0,0,0,0,0,0,0,0,0,0,0,0,0,0,0,0
0,12,1,0,0,0,0,0,0,0,0,0,0,0,0,0,0,0,1
0,2,0,0,0,0,0,0,0,0,0,0,0,0,0,0,0,0,1
0,0,67,0,0,0,0,0,0,0,0,0,0,0,0,0,0,0,2
0,0,22,0,0,0,0,1,0,0,0,0,0,0,0,0,0,0,2
0,0,1,0,0,0,0,0,0,0,0,0,5,0,0,0,0,0,12
0,0,1,4,0,0,0,0,108,0,0,0,0,0,0,0,0,0,8
0,3,1,0,0,0,0,0,0,0,0,0,0,0,0,0,0,0,1
0,0,90,0,0,0,0,0,0,0,0,0,0,0,0,0,0,0,2
0,27,1,0,0,0,0,0,0,0,0,0,0,0,0,0,0,0,1
0,0,0,1,0,0,0,0,40,0,0,0,0,0,0,0,0,0,8
0,1,1,0,2,0,0,0,0,0,0,0,0,0,0,0,0,0,4
0,24,0,0,0,0,0,0,0,0,0,0,0,0,0,0,0,0,1
0,10,1,0,0,0,0,0,0,0,0,0,0,0,0,0,0,0,1
0,0,24,0,0,0,0,0,0,0,0,0,0,0,0,0,0,0,2
0,1,1,0,0,0,0,0,0,0,0,0,0,0,0,0,0,0,1
0,0,3,0,0,0,0,0,0,0,0,0,76,0,0,0,0,0,12
0,0,4,0,0,0,0,0,0,0,0,0,0,0,0,0,0,0,2
0,0,0,100,0,0,0,0,0,0,0,0,0,0,0,0,0,0,3
0,0,2,0,0,0,0,0,0,0,0,0,0,0,0,0,0,0,2
0,0,1,0,0,0,0,0,0,0,0,0,0,0,0,0,0,0,4
0,0,0,134,0,0,0,0,0,0,0,0,0,0,0,0,0,0,3
0,5,0,0,0,0,0,0,0,0,0,0,0,0,0,0,0,0,1
0,0,1,0,0,0,0,0,0,0,0,0,2,0,0,0,0,0,12
0,0,6,0,0,0,0,0,0,0,0,0,0,0,0,0,0,0,2
0,0,2,0,0,0,0,0,0,0,0,0,0,0,0,0,0,0,2
0,0,1,0,29,0,0,0,0,0,0,0,0,0,0,0,0,0,4
2,0,0,0,0,0,0,0,0,0,0,0,0,0,0,0,0,0,0
0,0,5,0,0,0,0,0,0,0,0,0,0,0,0,0,0,0,2
0,0,0,48,0,0,0,0,0,0,0,0,0,0,0,0,0,0,3
0,18,2,0,0,0,0,0,0,0,0,0,0,0,0,0,0,0,1
0,47,0,0,0,0,0,0,0,0,0,0,0,0,0,0,0,0,1
0,0,0,1,0,0,0,0,20,0,0,0,0,0,0,0,0,0,8
0,31,0,0,0,0,0,0,0,0,0,0,0,0,0,0,0,0,1
0,0,0,2,0,0,0,0,34,0,0,0,0,0,0,0,0,0,8
0,0,0,0,0,0,0,0,0,0,0,5,0,0,0,0,0,0,11
0,0,30,0,0,0,0,0,0,0,0,0,0,0,0,0,0,0,2
0,0,0,0,0,0,0,6,0,0,0,0,0,0,0,0,0,0,7
0,5,29,0,0,0,0,0,0,0,0,0,0,0,0,0,0,0,2
0,4,0,0,0,0,0,0,0,0,0,0,0,0,0,0,0,0,1
0,0,0,4,0,0,0,0,24,0,0,0,0,0,0,0,0,0,8
0,28,1,0,0,0,0,0,0,0,0,0,0,0,0,0,0,0,1
0,0,6,0,0,0,0,0,0,0,0,0,0,0,0,0,0,0,2
0,1,25,0,0,0,0,0,0,0,0,0,0,0,0,0,0,0,2
0,7,0,0,0,0,0,0,0,0,0,0,0,0,0,0,0,0,1
0,0,0,0,0,0,0,28,0,0,0,0,0,0,0,0,0,0,7
9,0,0,0,0,0,0,0,0,0,0,0,0,0,0,0,0,0,0
0,0,51,0,0,0,0,0,0,0,0,0,0,0,0,0,0,0,2
0,6,1,0,0,0,0,0,0,0,0,0,0,0,0,0,0,0,1
0,105,1,0,0,0,0,0,0,0,0,0,0,0,0,0,0,0,1
0,0,48,0,0,0,0,0,0,0,0,0,0,0,0,0,0,0,2
0,0,0,0,0,0,0,80,0,0,0,0,0,0,0,0,0,0,7
0,25,0,0,0,0,0,0,0,0,0,0,0,0,0,0,0,0,1
0,1,87,0,0,0,0,0,0,0,0,0,0,0,0,0,0,0,2
0,0,46,0,0,0,0,0,0,0,0,0,0,0,0,0,0,0,2
0,0,0,26,0,0,0,0,0,0,0,0,0,0,0,0,0,0,3
0,0,34,0,0,0,0,0,0,0,0,0,0,0,0,0,0,0,2
0,0,0,64,0,0,0,0,0,0,0,0,0,0,0,0,0,0,3
0,0,0,0,0,0,0,8,0,0,0,0,0,0,0,0,0,0,7
0,0,0,0,0,0,0,4,0,0,0,0,0,0,0,0,0,0,7
0,0,0,0,0,0,0,4,0,0,0,0,0,0,0,0,0,0,7
0,0,1,0,0,0,0,0,0,0,0,0,11,0,0,0,0,0,12
0,0,0,0,0,0,0,5,0,0,0,0,0,0,0,0,0,0,7
1,2,1,0,0,0,0,0,0,0,0,0,0,0,0,0,0,0,1
0,0,21,0,0,0,0,0,0,0,0,0,0,0,0,0,0,0,2
0,0,6,0,0,0,0,0,0,0,0,0,0,0,0,0,0,0,2
0,0,0,0,0,0,0,0,0,0,0,1,0,0,0,0,0,0,11
0,0,0,0,0,0,0,8,0,0,0,0,0,0,0,0,0,0,7
0,0,0,0,0,0,0,25,0,0,0,0,0,0,0,0,0,0,7
0,0,0,1,0,0,0,0,25,0,0,0,0,0,0,0,0,0,8
5,0,0,0,0,0,0,0,0,0,0,0,0,0,0,0,0,0,0
0,0,0,99,0,0,0,0,0,0,0,0,0,0,0,0,0,0,3
0,0,0,0,0,0,0,11,0,0,0,0,0,0,0,0,0,0,7
0,0,67,0,0,0,0,0,0,0,0,0,0,0,0,0,0,0,2
0,0,0,0,0,0,0,1,0,0,0,0,0,0,0,0,0,0,7
0,0,5,0,0,0,0,1,0,0,0,0,0,0,0,0,0,0,2
0,0,0,1,0,0,0,0,19,0,0,0,0,0,0,0,0,0,8
0,0,0,1,0,0,0,0,1,0,0,0,0,0,0,0,0,0,8
0,0,3,0,4,0,0,0,0,0,0,0,0,0,0,0,0,0,4
0,0,0,0,0,0,0,3,0,0,0,0,0,0,0,0,0,0,7
0,0,0,0,0,0,0,0,0,0,0,6,0,0,0,0,0,0,11
0,0,0,85,0,0,0,0,0,0,0,0,0,0,0,0,0,0,3
0,0,1,0,0,0,0,0,0,0,0,0,0,0,0,0,0,0,1
0,29,1,0,0,0,0,0,0,0,0,0,0,0,0,0,0,0,1
0,0,0,86,0,0,0,0,0,0,0,0,0,0,0,0,0,0,3
0,0,0,21,0,0,0,0,0,0,0,0,0,0,0,0,0,0,3
0,0,0,0,0,0,0,32,0,0,0,0,0,0,0,0,0,0,7
0,0,1,1,0,0,0,0,6,0,0,0,0,0,0,0,0,0,8
0,0,35,0,0,0,0,0,0,0,0,0,0,0,0,0,0,0,2
0,46,2,0,0,0,0,0,0,0,0,0,0,0,0,0,0,0,1
0,0,1,0,0,0,0,0,0,0,0,0,26,0,0,0,0,0,12
1,0,0,1,0,0,0,0,49,0,0,0,0,0,0,0,0,0,8
0,0,0,0,0,0,0,0,0,0,5,0,0,0,0,0,0,0,10
0,1,1,0,24,0,0,0,0,0,0,0,0,0,0,0,0,0,4
0,0,0,42,0,0,0,0,0,0,0,0,0,0,0,0,0,0,3
1,0,0,0,0,0,0,0,0,0,0,0,0,0,0,0,0,0,0
0,65,1,0,0,0,0,0,0,0,0,0,0,0,0,0,0,0,1
0,23,0,0,0,0,0,0,0,0,0,0,0,0,0,0,0,0,1
0,35,2,0,0,0,0,0,0,0,0,0,0,0,0,0,0,0,1
0,5,1,0,0,0,0,0,0,0,0,0,0,0,0,0,0,0,1
0,0,0,0,0,0,0,0,0,0,0,2,0,0,0,0,0,0,11
0,0,12,0,0,0,0,0,0,0,0,0,0,0,0,0,0,0,2
0,30,1,0,0,0,0,0,0,0,0,0,0,0,0,0,0,0,1
0,0,0,0,0,0,0,1,0,0,0,0,0,0,0,0,0,0,7
0,33,0,0,0,0,0,0,0,0,0,0,0,0,0,0,0,0,1
0,0,10,0,0,0,0,0,0,0,0,0,0,0,0,0,0,0,2
0,29,2,0,0,0,0,0,0,0,0,0,0,0,0,0,0,0,1
0,0,3,0,0,0,0,0,0,0,0,0,0,0,0,0,0,0,2
2,0,0,0,0,0,0,0,0,0,0,0,0,0,0,0,0,0,0
0,0,0,1,0,0,0,0,11,0,0,0,0,0,0,0,0,0,8
0,0,0,0,0,0,0,3,0,0,0,0,0,0,0,0,0,0,7
1,0,1,1,0,0,0,0,0,0,0,0,0,0,0,0,0,0,8
0,0,11,0,0,0,0,0,0,0,0,0,0,0,0,0,0,0,2
0,0,0,1,0,0,0,0,16,0,0,0,0,0,0,0,0,0,8
0,0,36,0,0,0,0,0,0,0,0,0,0,0,0,0,0,0,2
0,0,18,0,0,0,0,0,0,0,0,0,0,0,0,0,0,0,2
2,0,0,0,0,0,0,0,0,0,0,0,0,0,0,0,0,0,0
0,1,0,0,0,0,0,0,0,4,0,0,0,0,0,0,0,0,9
0,10,0,0,0,0,0,0,0,0,0,0,0,0,0,0,0,0,1
0,0,0,0,0,0,0,20,0,0,0,0,0,0,0,0,0,0,7
0,30,3,0,0,0,0,0,0,0,0,0,0,0,0,0,0,0,1
0,0,17,0,0,0,0,0,0,0,0,0,0,0,0,0,0,0,2
0,0,16,0,0,0,0,0,0,0,0,0,0,0,0,0,0,0,2
0,0,0,0,0,0,0,14,0,0,0,0,0,0,0,0,0,0,7
1,0,0,1,0,0,0,0,32,0,0,0,0,0,0,0,0,0,8
0,0,1,0,0,0,0,0,0,0,0,0,12,0,0,0,0,0,12
0,0,2,0,0,0,0,0,0,0,0,0,0,0,0,0,0,0,2
0,0,1,0,0,0,0,0,0,0,0,0,1,0,0,0,0,0,12
0,0,19,0,0,0,0,0,0,0,0,0,0,0,0,0,0,0,2
0,13,1,0,0,0,0,0,0,0,0,0,0,0,0,0,0,0,1
0,0,0,0,0,0,0,14,0,0,0,0,0,0,0,0,0,0,7
0,0,0,115,0,0,0,0,0,0,0,0,0,0,0,0,0,0,3
1,0,0,0,0,0,0,0,0,0,0,0,0,0,0,0,0,0,0
0,0,0,2,0,0,0,0,17,0,0,0,0,0,0,0,0,0,8
0,0,0,0,0,0,0,16,0,0,0,0,0,0,0,0,0,0,7
0,0,29,0,0,0,0,0,0,0,0,0,0,0,0,0,0,0,2
0,0,0,1,0,0,0,0,14,0,0,0,0,0,0,0,0,0,8
0,0,0,0,0,0,0,6,0,0,0,0,0,0,0,0,0,0,7
0,3,0,0,0,0,0,0,0,0,0,0,0,0,0,0,0,0,1
0,19,0,0,0,0,0,0,0,0,0,0,0,0,0,0,0,0,1
0,0,8,0,0,0,0,0,0,0,0,0,0,0,0,0,0,0,2
0,0,0,0,0,0,0,2,0,0,0,0,0,0,0,0,0,0,7
0,0,91,0,0,0,0,0,0,0,0,0,0,0,0,0,0,0,2
0,0,0,1,0,0,0,0,0,0,0,0,0,0,0,0,17,0,16
0,0,110,0,0,0,0,0,0,0,0,0,0,0,0,0,0,0,2
0,0,46,0,0,0,0,0,0,0,0,0,0,0,0,0,0,0,2
0,0,0,2,0,0,0,0,21,0,0,0,0,0,0,0,0,0,8
0,0,10,0,0,0,0,0,0,0,0,0,0,0,0,0,0,0,2
0,0,18,0,3,0,0,1,0,0,0,0,0,0,0,0,0,0,2
0,0,17,0,0,0,0,0,0,0,0,0,0,0,0,0,0,0,2
0,21,0,0,0,0,0,0,0,0,0,0,0,0,0,0,0,0,1
0,4,1,0,0,0,0,0,0,0,0,0,0,0,0,0,0,0,1
0,0,0,0,0,0,0,23,0,0,0,0,0,0,0,0,0,0,7
0,0,0,1,0,0,0,0,0,0,0,0,0,0,0,0,0,0,8
0,0,0,0,0,0,0,37,0,0,0,0,0,0,0,0,0,0,7
0,0,20,0,0,0,0,0,0,0,0,0,0,0,0,0,0,0,2
0,0,0,0,0,0,0,12,0,0,0,0,0,0,0,0,0,0,7
0,0,0,0,0,0,0,0,0,0,0,1,0,0,0,0,0,0,11
0,0,0,0,0,0,0,2,0,0,0,0,0,0,0,0,0,0,7
0,0,0,34,0,0,0,0,0,0,0,0,0,0,0,0,0,0,3
0,0,0,1,0,0,0,0,7,0,0,0,0,0,0,0,0,0,8
0,0,0,1,0,0,0,0,11,0,0,0,0,0,0,0,0,0,8
0,0,16,0,0,0,0,0,0,0,0,0,0,0,0,0,0,0,2
0,0,42,0,0,0,0,0,0,0,0,0,0,0,0,0,0,0,2
0,25,1,0,0,0,0,0,0,0,0,0,0,0,0,0,0,0,1
0,0,0,19,0,0,0,0,0,0,0,0,0,0,0,0,0,0,3
0,0,88,0,0,0,0,0,0,0,0,0,0,0,0,0,0,0,2
0,0,0,0,0,0,0,13,0,0,0,0,0,0,0,0,0,0,7
0,0,1,0,0,0,0,0,0,0,0,0,50,0,0,0,0,0,12
0,0,10,0,0,0,0,0,0,0,0,0,0,0,0,0,0,0,2
0,0,0,1,0,0,0,0,4,0,0,0,0,0,0,0,0,0,8
0,0,0,7,0,0,0,0,72,0,0,0,0,0,0,0,0,0,8
0,0,70,0,0,0,0,0,0,0,0,0,0,0,0,0,0,0,2
0,0,1,0,0,0,0,0,0,0,0,0,0,0,0,0,0,0,2
0,0,0,0,0,0,0,3,0,0,0,0,0,0,0,0,0,0,7
0,0,0,0,0,0,0,10,0,0,0,0,0,0,0,0,0,0,7
0,0,0,30,0,0,0,0,0,0,0,0,0,0,0,0,0,0,3
0,1,1,0,20,0,0,0,0,0,0,0,0,0,0,0,0,0,4
0,0,1,0,0,0,0,0,0,0,0,0,4,0,0,0,0,0,12
0,0,8,0,0,0,0,0,0,0,0,0,0,0,0,0,0,0,2
0,21,1,0,0,0,0,0,0,0,0,0,0,0,0,0,0,0,1
0,0,0,1,0,0,0,0,5,0,0,0,0,0,0,0,0,0,8
0,0,0,0,0,0,0,0,0,0,0,6,0,0,0,0,0,0,11
0,0,48,0,0,0,0,0,0,0,0,0,0,0,0,0,0,0,2
0,0,0,0,0,0,0,30,0,0,0,0,0,0,0,0,0,0,7
1,0,0,0,0,0,0,0,0,0,0,0,0,0,0,0,0,0,0
0,0,9,0,0,0,0,1,0,0,0,0,0,0,0,0,0,0,2
0,0,0,0,0,0,0,38,0,0,0,0,0,0,0,0,0,0,7
0,0,7,0,0,0,0,0,0,0,0,0,0,0,0,0,0,0,2
2,0,0,0,0,0,0,0,0,0,0,0,0,0,0,0,0,0,0
0,0,3,0,0,0,0,0,0,0,0,0,0,0,0,0,0,0,2
0,9,3,0,0,0,0,0,0,0,0,0,0,0,0,0,0,0,1
0,0,0,0,0,0,0,0,0,0,0,7,0,0,0,0,0,0,11
0,0,0,0,0,0,0,3,0,0,0,0,0,0,0,0,0,0,7
0,0,0,1,0,0,0,0,0,0,0,0,0,0,0,0,0,0,8
0,0,0,0,0,0,0,1,0,0,0,0,0,0,0,0,0,0,7
0,0,10,0,0,0,0,0,0,0,0,0,0,0,0,0,0,0,2
0,0,47,0,0,0,0,0,1,0,0,0,0,0,0,0,0,0,2
1,0,1,5,0,0,0,0,95,0,0,0,0,0,0,0,0,0,8
0,3,0,0,0,0,0,0,0,0,0,0,0,0,0,0,0,0,1
3,0,0,0,0,0,0,0,0,0,0,0,0,0,0,0,0,0,0
0,0,0,0,0,0,0,0,0,0,0,4,0,0,0,0,0,0,11
0,15,2,0,0,0,0,0,0,0,0,0,0,0,0,0,0,0,1
0,0,0,1,0,0,0,0,33,0,0,0,0,0,0,0,0,0,8
6,0,0,0,0,0,0,0,0,0,0,0,0,0,0,0,0,0,0
0,25,0,0,0,0,0,0,0,0,0,0,0,0,0,0,0,0,1
0,1,46,0,0,0,0,0,0,0,0,0,0,0,0,0,0,0,2
0,0,31,0,0,0,0,0,0,0,0,0,0,0,0,0,0,0,2
3,0,0,0,0,0,0,0,0,0,0,0,0,0,0,0,0,0,0
0,0,10,0,0,0,0,0,0,0,0,0,0,0,0,0,0,0,2
0,0,0,20,0,0,0,0,0,0,0,0,0,0,0,0,0,0,3
0,0,12,0,0,0,0,0,0,0,0,0,0,0,0,0,0,0,2
0,0,82,0,0,0,0,0,0,0,0,0,0,0,0,0,0,0,2
0,0,0,0,0,0,0,7,0,0,0,0,0,0,0,0,0,0,7
0,0,0,41,0,0,0,0,0,0,0,0,0,0,0,0,0,0,3
1,0,1,6,0,0,0,0,113,0,0,0,0,0,0,0,0,0,8
0,3,1,0,0,0,0,0,0,0,0,0,0,0,0,0,0,0,1
0,50,1,0,0,0,0,0,0,0,0,0,0,0,0,0,0,0,1
1,0,1,2,0,0,0,0,39,0,0,0,0,0,0,0,0,0,8
0,0,1,0,0,0,0,0,0,0,0,0,22,0,0,0,0,0,12
0,4,1,0,0,0,0,0,0,0,0,0,0,0,0,0,0,0,1
0,7,0,0,0,0,0,0,0,0,0,0,0,0,0,0,0,0,1
0,0,0,0,0,0,0,4,0,0,0,0,0,0,0,0,0,0,7
4,0,0,0,0,0,0,0,0,0,0,0,0,0,0,0,0,0,0
0,0,0,4,0,0,0,0,26,0,0,0,0,0,0,0,0,0,8
0,0,0,0,0,0,0,30,0,0,0,0,0,0,0,0,0,0,7
0,0,6,0,0,0,0,0,0,0,0,0,0,0,0,0,0,0,2
0,0,0,1,0,0,0,0,48,0,0,0,0,0,0,0,0,0,8
4,0,0,0,0,0,0,0,0,0,0,0,0,0,0,0,0,0,0
0,0,22,0,0,0,0,0,0,0,0,0,0,0,0,0,0,0,2
0,0,1,0,0,0,0,0,0,0,0,0,0,0,0,0,0,0,14
0,44,0,0,0,0,0,0,0,0,0,0,0,0,0,0,0,0,1
0,0,26,0,0,0,0,0,0,0,0,0,0,0,0,0,0,0,2
5,0,0,0,0,0,0,0,0,0,0,0,0,0,0,0,0,0,0
0,0,3,0,1,0,0,0,0,0,0,0,0,0,0,0,0,0,2
0,0,22,0,0,0,0,0,0,0,0,0,0,1,0,0,0,0,2
0,0,172,0,0,0,0,0,0,0,0,0,0,0,0,0,0,0,2
0,0,0,0,0,0,0,7,0,0,0,0,0,0,0,0,0,0,7
0,8,1,0,0,0,0,0,0,0,0,0,0,0,0,0,0,0,1
0,0,37,0,0,0,0,0,0,0,0,0,0,0,0,0,0,0,2
2,0,0,0,0,0,0,0,0,0,0,0,0,0,0,0,0,0,0
0,0,6,0,0,0,0,0,0,0,0,0,0,0,0,0,0,0,2
0,0,10,0,0,0,0,0,0,0,0,0,0,0,0,0,0,0,2
0,0,0,0,0,0,0,0,0,0,0,11,0,0,0,0,0,0,11
2,0,0,0,0,0,0,0,0,0,0,0,0,0,0,0,0,0,0
0,0,0,0,0,0,0,0,0,0,0,14,0,0,0,0,0,0,11
0,9,1,0,0,0,0,0,0,0,0,0,0,0,0,0,0,0,1
0,3,1,0,0,0,0,0,0,0,0,0,0,0,0,0,0,0,1
0,0,0,0,0,0,0,3,0,0,0,0,0,0,0,0,0,0,7
2,0,0,0,0,0,0,0,0,0,0,0,0,0,0,0,0,0,0
0,2,1,0,0,0,0,0,0,0,0,0,0,0,0,0,0,0,1
0,70,1,0,0,0,0,0,0,0,0,0,0,0,0,0,0,0,1
8,0,0,0,0,0,0,0,0,0,0,0,0,0,0,0,0,0,0
1,0,0,0,0,0,0,0,0,0,0,0,0,0,0,0,0,0,0
0,29,1,0,0,0,0,0,0,0,0,0,0,0,0,0,0,0,1
0,22,0,0,0,0,0,0,0,0,0,0,0,0,0,0,0,0,1
1,0,0,0,0,0,0,0,0,0,0,0,0,0,0,0,0,0,0
0,0,2,0,0,0,0,0,0,0,0,0,14,0,0,0,0,0,12
0,2,1,0,0,0,0,0,0,0,0,0,0,0,0,0,0,0,1
0,21,1,0,0,0,0,0,0,0,0,0,0,0,0,0,0,0,1
0,0,0,0,0,0,0,0,0,0,0,4,0,0,0,0,0,0,11
0,1,0,0,0,0,0,0,0,0,0,0,0,0,0,0,0,0,1
0,0,1,0,0,0,0,0,0,0,0,0,46,0,0,0,0,0,12
0,0,0,36,0,0,0,0,2,0,0,0,0,0,0,0,0,0,3
0,0,2,0,0,0,0,0,0,0,0,0,0,0,0,0,0,0,2
0,37,3,0,0,0,0,0,0,0,0,0,0,0,0,0,0,0,1
0,16,1,0,0,0,0,0,0,0,0,0,0,0,0,0,0,0,1
0,0,1,0,0,0,0,0,0,0,0,0,48,0,0,0,0,0,12
0,30,1,0,0,0,0,0,0,0,0,0,0,0,0,0,0,0,1
5,0,0,0,0,0,0,0,0,0,0,0,0,0,0,0,0,0,0
0,0,12,0,0,0,0,0,0,0,0,0,0,0,0,0,0,0,2
0,0,0,0,0,0,0,16,0,0,0,0,0,0,0,0,0,0,7
7,0,0,0,0,0,0,0,0,0,0,0,0,0,0,0,0,0,0
0,0,17,0,0,0,0,0,0,0,0,0,0,0,0,0,0,0,2
0,0,28,0,0,0,0,0,0,0,0,0,0,0,0,0,0,0,2
0,0,0,0,0,0,0,0,0,0,0,2,0,0,0,0,0,0,11
0,0,17,0,0,0,0,0,1,0,0,0,0,0,0,0,0,0,2
0,0,0,0,0,0,0,2,0,0,0,0,0,0,0,0,0,0,7
0,12,6,0,0,0,0,0,0,0,0,0,0,0,0,0,0,0,1
0,0,10,0,0,0,0,0,0,0,0,0,0,0,0,0,0,0,2
0,0,0,0,0,0,0,0,0,0,0,3,0,0,0,0,0,0,11
0,0,41,0,0,0,0,0,0,0,0,0,0,0,0,0,0,0,2
0,0,32,0,0,0,0,0,0,0,0,0,0,0,0,0,0,0,2
0,0,15,0,0,0,0,0,0,0,0,0,0,0,0,0,0,0,2
0,0,3,0,0,0,0,0,0,0,0,0,15,0,0,0,0,0,12
0,0,1,0,0,0,2,0,0,0,0,0,0,0,0,0,0,0,6
0,0,2,0,0,0,0,0,0,0,0,0,0,0,0,0,0,0,2
0,34,3,0,0,0,0,0,0,0,0,0,0,0,0,0,0,0,1
12,0,0,0,0,0,0,0,0,0,0,0,0,0,0,0,0,0,0
0,0,0,1,0,0,0,0,5,0,0,0,0,0,0,0,0,0,8
1,0,0,1,0,0,0,0,20,0,0,0,0,0,0,0,0,0,8
0,13,1,0,0,0,0,0,0,0,0,0,0,0,0,0,0,0,1
0,0,7,0,0,0,0,0,0,0,0,0,0,0,0,0,0,0,2
3,0,0,0,0,0,0,0,0,0,0,0,0,0,0,0,0,0,0
0,0,0,0,0,0,0,24,0,0,0,0,0,0,0,0,0,0,7
0,1,1,0,0,0,0,0,0,0,0,0,0,0,0,0,0,0,1
0,0,15,0,0,0,0,0,0,0,0,0,0,0,0,0,0,0,2
0,0,25,0,0,0,0,0,0,0,0,0,0,0,0,0,0,0,2
0,0,34,0,0,0,0,0,0,0,0,0,0,0,0,0,0,0,2
0,0,9,0,0,0,0,1,0,0,0,0,0,0,0,0,0,0,2
0,0,54,0,0,0,0,0,0,0,0,0,0,0,0,0,0,0,2
0,0,1,0,0,0,0,0,0,0,0,0,34,0,0,0,0,0,12
0,0,1,0,0,0,0,0,0,0,0,0,1,0,0,0,0,0,12
0,0,8,0,0,0,0,0,0,0,0,0,0,0,0,0,0,0,2
0,0,0,0,0,0,0,0,0,0,0,13,0,0,0,0,0,0,11
0,0,0,0,0,0,0,0,0,0,1,0,0,0,0,0,0,0,10
0,0,1,0,0,0,0,0,0,0,0,0,0,0,0,0,0,0,2
0,0,0,0,0,0,0,0,0,0,0,4,0,0,0,0,0,0,11
0,13,2,0,0,0,0,0,0,0,0,0,0,0,0,0,0,0,1
0,0,1,0,0,0,0,0,0,0,0,0,3,0,0,0,0,0,12
0,0,0,0,0,0,0,27,0,0,0,0,0,0,0,0,0,0,7
0,0,1,0,0,0,0,0,0,0,0,0,4,0,0,0,0,0,12
0,0,1,0,0,0,0,0,0,0,0,0,0,0,0,0,0,0,2
0,7,1,0,0,0,0,0,0,0,0,0,0,0,0,0,0,0,1
0,0,0,1,0,0,0,0,0,0,0,0,0,0,0,0,0,0,3
0,0,1,0,0,0,0,0,0,0,0,0,0,0,0,0,0,0,2
0,0,0,0,0,0,0,0,0,0,0,6,0,0,0,0,0,0,11
0,0,60,0,0,0,0,0,0,0,0,0,0,0,0,0,0,0,2
0,0,48,0,0,0,0,0,0,0,0,0,0,0,0,0,0,0,2
0,4,0,0,0,0,0,0,0,0,0,0,0,0,0,0,0,0,1
0,0,8,0,0,0,0,0,0,0,0,0,0,0,0,0,0,0,2
0,0,10,0,0,0,0,0,0,0,0,0,0,0,0,0,0,0,2
0,0,62,0,0,0,0,0,0,0,0,0,0,0,0,0,0,0,2
0,0,0,1,0,0,0,0,6,0,0,0,0,0,0,0,0,0,8
0,0,4,0,0,0,0,0,0,0,0,0,0,0,0,0,0,0,2
0,28,1,0,0,0,0,0,0,0,0,0,0,0,0,0,0,0,1
0,0,12,0,0,0,0,0,0,0,0,0,0,0,0,0,0,0,2
0,0,2,0,0,0,0,0,0,0,0,0,71,0,0,0,0,0,12
0,0,0,0,0,0,0,2,0,0,0,0,0,0,0,0,0,0,7
0,0,1,0,0,0,0,0,0,0,0,0,6,0,0,0,0,0,12
2,0,0,0,0,0,0,0,0,0,0,0,0,0,0,0,0,0,0
0,17,0,0,0,0,0,0,0,0,0,0,0,0,0,0,0,0,1
0,1,1,0,0,0,0,0,0,0,0,0,0,0,0,0,0,0,2
0,0,19,0,0,0,0,0,0,0,0,0,0,0,0,0,0,0,2
0,21,3,0,0,0,0,0,0,0,0,0,0,0,0,0,0,0,1
0,0,0,36,0,0,0,0,0,0,0,0,0,0,0,0,0,0,3
0,0,100,0,0,0,0,0,0,0,0,0,0,0,0,0,0,0,2
0,0,0,0,0,0,0,1,0,0,0,0,0,0,0,0,0,0,7
0,0,0,0,0,0,0,0,0,0,0,4,0,0,0,0,0,0,11
11,0,0,0,0,0,0,0,0,0,0,0,0,0,0,0,0,0,0
0,0,0,5,0,0,0,0,0,0,0,0,0,0,0,0,0,0,3
0,0,1,0,0,0,0,0,0,0,0,0,64,0,0,0,0,0,12
0,0,41,0,0,0,0,0,0,0,0,0,0,0,0,0,0,0,2
0,0,0,33,0,0,0,0,0,0,0,0,0,0,0,0,0,0,3
12,0,0,0,0,0,0,0,0,0,0,0,0,0,0,0,0,0,0
0,0,0,1,0,0,0,0,6,0,0,0,0,0,0,0,0,0,8
0,0,0,0,0,0,0,23,0,0,0,0,0,0,0,0,0,0,7
0,5,0,0,0,0,0,0,0,0,0,0,0,0,0,0,0,0,1
0,1,9,0,0,0,0,0,0,0,0,0,0,0,0,0,0,0,2
0,0,0,28,0,0,0,0,0,0,0,0,0,0,0,0,0,0,3
0,0,53,0,0,0,0,0,0,0,0,0,0,0,0,0,0,0,2
0,0,0,2,0,0,0,0,14,0,0,0,0,0,0,0,0,0,8
0,0,1,0,0,0,0,0,0,0,0,0,19,0,0,0,0,0,12
10,0,0,0,0,0,0,0,0,0,0,0,0,0,0,0,0,0,0
0,0,0,0,0,0,0,0,0,0,0,6,0,0,0,0,0,0,11
0,2,1,0,0,0,0,0,0,0,0,0,0,0,0,0,0,0,1
0,18,2,0,0,0,0,0,0,0,0,0,0,0,0,0,0,0,1
0,0,0,0,0,0,0,0,0,0,0,13,0,0,0,0,0,0,11
1,0,0,0,0,0,0,0,0,0,0,0,0,0,0,0,0,0,0
4,0,0,0,0,0,0,0,0,0,0,0,0,0,0,0,0,0,0
0,6,0,0,0,0,0,0,0,0,0,0,0,0,0,0,0,0,1
0,0,34,0,0,0,0,0,0,0,0,0,0,0,0,0,0,0,2
0,5,0,0,0,0,0,0,0,0,0,0,0,0,0,0,0,0,1
0,0,0,1,0,0,0,0,27,0,0,0,0,0,0,0,0,0,8
0,0,30,0,0,0,0,0,0,0,0,0,0,0,0,0,0,0,2
0,0,16,0,0,0,0,0,0,0,0,0,1,0,0,0,0,0,2
0,1,5,0,0,0,0,0,0,0,0,0,0,0,0,0,0,0,2
0,0,2,0,0,0,0,0,0,0,0,0,0,0,0,0,0,0,2
0,14,1,0,0,0,0,0,0,0,0,0,0,0,0,0,0,0,1
0,0,0,16,0,0,0,0,3,0,0,0,0,0,0,0,0,0,3
0,0,0,0,0,0,0,0,0,0,0,7,0,0,0,0,0,0,11
0,0,1,0,0,0,0,0,0,0,0,0,0,0,0,0,0,0,2
0,0,0,0,0,0,0,6,0,0,0,0,0,0,0,0,0,0,7
0,0,44,0,0,0,0,0,0,0,0,0,0,0,0,0,0,0,2
0,0,0,1,0,0,0,0,5,0,0,0,0,0,0,0,0,0,8
0,9,3,0,0,0,0,0,0,0,0,0,0,0,0,0,0,0,1
0,0,0,4,0,0,0,0,19,0,0,0,0,0,0,0,0,0,8
0,0,5,0,0,0,0,0,0,0,0,0,0,0,0,0,0,0,2
0,0,0,1,0,0,0,0,4,0,0,0,0,0,0,0,0,0,8
1,0,0,0,0,0,0,0,0,0,0,0,0,0,0,0,0,0,0
0,0,1,2,0,0,0,0,29,0,0,0,0,0,0,0,0,0,8
17,0,0,0,0,0,0,0,0,0,0,0,0,0,0,0,0,0,0
0,0,0,1,0,0,0,0,2,0,0,0,0,0,0,0,0,0,8
0,0,0,1,0,0,0,0,2,0,0,0,0,0,0,0,0,0,8
0,3,0,0,0,0,0,0,0,0,0,0,0,0,0,0,0,0,1
0,0,0,1,0,0,0,0,0,0,0,0,0,0,0,0,5,0,16
0,0,1,0,0,0,0,0,0,0,0,0,0,0,0,0,0,0,2
0,0,6,0,0,0,0,0,0,0,0,0,0,0,0,0,0,0,2
0,0,0,0,0,0,0,10,0,0,0,0,0,0,0,0,0,0,7
0,0,1,2,0,0,0,0,6,0,0,0,0,0,0,0,0,0,8
0,0,0,0,0,0,0,1,0,0,0,0,0,0,0,0,0,0,7
0,0,1,0,0,0,0,0,0,0,0,0,46,0,0,0,0,0,12
0,0,5,0,0,0,0,0,0,0,0,0,0,0,0,0,0,0,2
0,0,0,0,0,0,0,4,0,0,0,0,0,0,0,0,0,0,7
0,0,0,29,0,0,0,0,2,0,0,0,0,0,0,0,0,0,3
0,0,0,2,0,0,0,0,58,0,0,0,0,0,0,0,0,0,8
0,0,8,0,0,0,0,0,0,0,0,0,0,0,0,0,0,0,2
0,4,1,0,0,0,0,0,0,0,0,0,0,0,0,0,0,0,1
0,0,0,1,0,0,0,0,5,0,0,0,0,0,0,0,0,0,8
0,0,1,0,0,0,0,0,0,0,0,0,0,0,0,0,0,0,2
0,0,32,0,0,0,0,0,0,0,0,0,0,0,0,0,0,0,2
4,0,0,0,0,0,0,0,0,0,0,0,0,0,0,0,0,0,0
0,0,0,2,0,0,0,0,13,0,0,0,0,0,0,0,0,0,8
0,0,4,0,0,0,0,0,0,0,0,0,0,0,0,0,0,0,2
0,0,1,0,0,0,0,0,0,0,0,0,12,0,0,0,0,0,12
0,0,1,0,0,0,0,0,0,0,0,0,67,0,0,0,0,0,12
0,0,8,0,0,0,0,0,0,0,0,0,0,0,0,0,0,0,2
0,0,0,0,0,0,0,0,0,0,1,0,0,0,0,0,0,0,10
1,0,0,0,0,0,0,0,0,0,0,0,0,0,0,0,0,0,0
0,0,0,0,0,0,0,0,0,0,0,10,0,0,0,0,0,0,11
0,0,0,0,0,0,0,8,0,0,0,0,0,0,0,0,0,0,7
0,1,0,0,0,0,0,0,0,0,0,0,0,0,0,0,0,0,1
0,0,18,0,0,0,0,0,0,0,0,0,0,0,0,0,0,0,2
5,0,0,0,0,0,0,0,0,0,0,0,0,0,0,0,0,0,0
0,0,0,0,0,0,0,1,0,0,0,0,0,0,0,0,0,0,7
0,0,0,66,0,0,0,0,2,0,0,0,0,0,0,0,0,0,3
0,0,0,0,0,0,0,0,0,0,0,14,0,0,0,0,0,0,11
0,0,0,1,0,0,0,0,7,0,0,0,0,0,0,0,0,0,8
0,0,0,60,0,0,0,0,3,0,0,0,0,0,0,0,0,0,3
0,0,8,0,0,0,0,0,0,0,0,0,0,0,0,0,0,0,2
0,0,0,0,0,0,0,0,0,0,0,20,0,0,0,0,0,0,11
0,0,1,0,0,0,0,0,0,0,0,0,0,0,0,0,0,0,2
0,0,0,0,0,0,0,15,0,0,0,0,0,0,0,0,0,0,7
0,0,0,0,0,0,0,0,0,0,0,3,0,0,0,0,0,0,11
0,0,0,1,0,0,0,0,1,0,0,0,0,0,0,0,0,0,8
0,0,0,105,0,0,0,0,0,0,0,0,0,0,0,0,0,0,3
0,0,5,0,0,0,0,0,0,0,0,0,0,0,0,0,0,0,2
0,0,9,0,0,0,0,0,0,0,0,0,0,0,0,0,0,0,2
2,0,0,0,0,0,0,0,0,0,0,0,0,0,0,0,0,0,0
0,0,9,0,0,0,0,0,0,0,0,0,0,0,0,0,0,0,2
0,0,1,0,0,1,0,0,0,0,0,0,0,0,0,0,0,0,5
0,0,0,0,0,0,0,13,0,0,0,0,0,0,0,0,0,0,7
0,0,5,0,0,0,0,0,0,0,0,0,0,0,0,0,0,0,2
0,0,0,12,0,0,0,0,3,0,0,0,0,0,0,0,1,0,3
0,0,0,2,0,0,0,0,80,0,0,0,0,0,0,0,0,0,8
0,0,37,0,0,0,0,0,0,0,0,0,0,0,0,0,0,0,2
0,0,14,0,2,0,0,0,0,0,0,0,0,0,0,0,0,0,2
0,0,0,0,0,0,0,3,0,0,0,0,0,0,0,0,0,0,7
0,0,7,0,0,0,0,0,0,0,0,0,0,0,0,0,0,0,2
0,0,1,0,15,0,0,0,0,0,0,0,0,0,0,0,0,0,4
0,0,0,0,0,0,0,0,0,0,0,17,0,0,0,0,0,0,11
0,0,0,0,0,0,0,0,0,0,0,1,0,0,0,0,0,0,11
0,5,1,0,0,0,0,0,0,0,0,0,0,0,0,0,0,0,1
0,0,16,0,0,0,0,0,0,0,0,0,0,0,0,0,0,0,2
0,0,0,0,0,0,0,5,0,0,0,0,0,0,0,0,0,0,7
0,0,36,0,0,0,0,0,0,0,0,0,0,0,0,0,0,0,2
0,0,0,92,0,0,0,0,0,0,0,0,0,0,0,0,0,0,3
6,0,0,0,0,0,0,0,0,0,0,0,0,0,0,0,0,0,0
5,0,0,0,0,0,0,0,0,0,0,0,0,0,0,0,0,0,0
0,0,0,182,0,0,0,0,1,0,0,0,0,0,0,0,0,0,3
0,0,0,0,0,0,0,7,0,0,0,0,0,0,0,0,0,0,7
0,0,0,0,0,0,0,0,0,0,2,0,0,0,0,0,0,0,10
0,0,0,0,0,0,0,2,0,0,0,0,0,0,0,0,0,0,7
0,0,17,0,0,0,0,0,1,0,0,0,0,0,0,0,0,0,2
0,0,0,1,0,0,0,0,3,0,0,0,0,0,0,0,0,0,8
0,2,1,0,3,0,0,0,0,0,0,0,0,0,0,0,0,0,4
0,0,0,1,0,0,0,0,9,0,0,0,0,0,0,0,0,0,8
0,0,1,0,0,0,0,0,0,0,0,0,5,0,0,0,0,0,12
0,1,1,0,4,0,0,0,0,0,0,0,0,0,0,0,0,0,4
0,0,0,4,0,0,0,0,14,0,0,0,0,0,0,0,0,0,8
0,0,1,0,7,0,0,0,0,0,0,0,0,0,0,0,0,0,4
1,0,0,6,0,0,0,0,69,0,0,0,0,0,0,0,0,0,8
0,0,2,0,0,0,0,0,0,0,0,0,0,0,5,0,0,0,14
0,0,11,0,0,0,0,0,0,0,0,0,0,0,0,0,0,0,2
0,0,2,0,0,0,0,0,0,0,0,0,0,0,0,0,0,0,1
0,0,16,0,0,0,0,0,0,0,0,0,0,0,0,0,0,0,2
0,0,8,0,0,0,0,0,0,0,0,0,0,0,0,0,0,0,2
0,0,0,1,0,0,0,0,2,0,0,0,0,0,0,0,0,0,8
0,0,0,0,0,0,0,1,0,0,0,0,0,0,0,0,0,0,7
0,0,51,0,0,0,0,0,0,0,0,0,0,0,0,0,0,0,2
0,21,3,0,0,0,0,0,0,0,0,0,0,0,0,0,0,0,1
0,0,0,0,0,0,0,1,0,0,0,0,0,0,0,0,0,0,7
0,19,1,0,0,0,0,0,0,0,0,0,0,0,0,0,0,0,1
0,0,0,162,0,0,0,0,0,0,0,0,0,0,0,0,0,0,3
0,7,1,0,0,0,0,0,0,0,0,0,0,0,0,0,0,0,1
1,0,1,3,0,0,0,0,27,0,0,0,0,0,0,0,0,0,8
0,0,0,1,0,0,0,0,0,0,0,0,0,0,0,0,9,0,16
15,0,0,0,0,0,0,0,0,0,0,0,0,0,0,0,0,0,0
0,0,4,0,0,0,0,0,0,0,0,0,0,0,0,0,0,0,2
0,12,2,0,0,0,0,0,0,0,0,0,0,0,0,0,0,0,1
0,0,0,115,0,0,0,0,0,0,0,0,0,0,0,0,0,0,3
0,0,2,0,0,0,0,0,0,0,0,0,0,0,0,0,0,0,2
0,0,0,1,0,0,0,0,30,0,0,0,0,0,0,0,0,0,8
0,60,6,0,0,0,0,0,0,0,0,0,0,0,0,0,0,0,1
0,0,0,0,0,0,0,37,0,0,0,0,0,0,0,0,0,0,7
0,0,0,1,0,0,0,0,6,0,0,0,0,0,0,0,0,0,8
0,0,0,0,0,0,0,6,0,0,0,0,0,0,0,0,0,0,7
0,0,0,1,0,0,0,0,9,0,0,0,0,0,0,0,0,0,8
9,0,0,0,0,0,0,0,0,0,0,0,0,0,0,0,0,0,0
0,0,25,0,0,0,0,0,0,0,0,0,2,0,0,0,0,0,2
19,0,0,0,0,0,0,0,0,0,0,0,0,0,0,0,0,0,0
1,0,0,1,0,0,0,0,12,0,0,0,0,0,0,0,0,0,8
3,0,0,0,0,0,0,0,0,0,0,0,0,0,0,0,0,0,0
0,9,0,0,0,0,0,0,0,0,0,0,0,0,0,0,0,0,1
0,2,0,0,0,0,0,0,0,0,0,0,0,0,0,0,0,0,1
1,0,1,5,0,0,0,0,44,0,0,0,0,0,0,0,0,0,8
19,0,0,0,0,0,0,0,0,0,0,0,0,0,0,0,0,0,0
0,0,1,3,0,0,0,0,18,0,0,0,0,0,0,0,0,0,8
0,17,0,0,0,0,0,0,0,0,0,0,0,0,0,0,0,0,1
0,0,1,0,0,0,0,0,0,0,0,0,0,0,0,0,0,0,12
0,36,1,0,0,0,0,0,0,0,0,0,0,0,0,0,0,0,1
0,0,0,0,0,0,0,31,0,0,0,0,0,0,0,0,0,0,7
0,0,62,0,0,0,0,0,0,0,0,0,0,0,0,0,0,0,2
0,0,0,0,0,0,0,3,0,0,0,0,0,0,0,0,0,0,7
0,0,0,0,0,0,0,3,0,0,0,0,0,0,0,0,0,0,7
0,0,0,1,0,0,0,0,13,0,0,0,0,0,0,0,0,0,8
0,0,1,4,0,0,0,0,74,0,0,0,0,0,0,0,0,0,8
0,0,2,0,0,0,0,0,0,0,0,0,0,0,0,0,0,0,2
0,0,34,0,0,0,0,0,0,0,0,0,0,0,0,0,0,0,2
0,15,0,0,0,0,0,0,0,0,0,0,0,0,0,0,0,0,1
0,4,1,0,0,0,0,0,0,0,0,0,0,0,0,0,0,0,1
0,0,0,0,0,0,0,12,0,0,0,0,0,0,0,0,0,0,7
3,0,0,0,0,0,0,0,0,0,0,0,0,0,0,0,0,0,0
0,0,0,0,0,0,0,10,0,0,0,0,0,0,0,0,0,0,7
0,0,30,0,0,0,0,0,0,0,0,0,0,0,0,0,0,0,2
0,4,0,0,0,0,0,0,0,0,0,0,0,0,0,0,0,0,1
0,0,1,0,0,0,0,0,0,0,0,0,1,0,0,0,0,0,12
0,0,0,0,0,0,0,6,0,0,0,0,0,0,0,0,0,0,7
0,1,1,0,0,0,0,0,0,0,0,0,0,0,0,0,0,0,1
0,0,0,2,0,0,0,0,0,0,0,0,0,0,0,0,0,0,3
0,0,29,0,0,0,0,0,0,0,0,0,0,0,0,0,0,0,2
0,76,1,0,0,0,0,0,0,0,0,0,0,0,0,0,0,0,1
0,0,0,0,0,0,0,4,0,0,0,0,0,0,0,0,0,0,7
0,0,1,0,6,0,0,0,0,0,0,0,0,0,0,0,0,0,4
0,0,1,0,2,0,0,0,0,0,0,0,0,0,0,0,0,0,4
0,0,0,3,0,0,0,0,27,0,0,0,0,0,0,0,0,0,8
0,0,0,0,0,0,0,0,0,0,0,1,0,0,0,0,0,0,11
0,21,3,0,0,0,0,0,0,0,0,0,0,0,0,0,0,0,1
0,1,0,0,0,0,0,0,0,0,0,0,0,0,0,0,0,0,1
0,15,0,0,0,0,0,0,0,0,0,0,0,0,0,0,0,0,1
0,2,1,0,0,0,0,0,0,0,0,0,0,0,0,0,0,0,1
0,1,22,0,0,0,0,0,0,0,0,0,0,0,0,0,0,0,2
0,7,1,0,0,0,0,0,0,0,0,0,0,0,0,0,0,0,1
0,0,13,0,0,0,0,1,0,0,0,0,0,0,0,0,0,0,2
0,0,5,0,0,0,0,0,0,0,0,0,0,0,0,0,0,0,2
0,6,0,0,0,0,0,0,0,0,0,0,0,0,0,0,0,0,1
0,0,38,0,0,0,0,0,0,0,0,0,0,0,0,0,0,0,2
0,0,0,0,0,0,0,2,0,0,0,0,0,0,0,0,0,0,7
0,0,0,0,0,0,0,0,0,0,2,0,0,0,0,0,0,0,10
0,0,11,0,0,0,0,0,0,0,0,0,0,0,0,0,0,0,2
0,0,0,0,0,0,0,3,0,0,0,0,0,0,0,0,0,0,7
0,0,4,0,0,0,0,0,0,0,0,0,0,0,0,0,0,0,2
6,0,0,0,0,0,0,0,0,0,0,0,0,0,0,0,0,0,0
0,0,0,1,0,0,0,0,0,0,0,0,0,0,0,0,0,1,17
0,0,1,0,9,0,0,0,0,0,0,0,0,0,0,0,0,0,4
0,16,0,0,0,0,0,0,0,0,0,0,0,0,0,0,0,0,1
0,0,0,1,0,0,0,0,33,0,0,0,0,0,0,0,0,0,8
0,12,1,0,0,0,0,0,0,0,0,0,0,0,0,0,0,0,1
0,0,23,0,0,0,0,0,0,0,0,0,1,0,0,0,0,0,2
0,0,1,0,1,0,0,0,0,0,0,0,0,0,0,0,0,0,4
0,0,0,131,0,0,0,0,0,0,0,0,0,0,0,0,0,0,3
0,0,0,2,0,0,0,0,10,0,0,0,0,0,0,0,0,0,8
0,0,4,0,0,0,0,0,0,0,0,0,0,0,0,0,0,0,2
0,2,137,0,0,0,0,0,0,0,0,0,0,0,0,0,0,0,2
0,44,1,0,0,0,0,0,0,0,0,0,0,0,0,0,0,0,1
0,8,0,0,0,0,0,0,0,0,0,0,0,0,0,0,0,0,1
0,0,1,0,0,0,0,0,0,0,0,0,14,0,0,0,0,0,12
0,0,1,2,0,0,0,0,55,0,0,0,0,0,0,0,0,0,8
0,0,22,0,0,0,0,1,0,0,0,0,0,0,0,0,0,0,2
4,0,0,0,0,0,0,0,0,0,0,0,0,0,0,0,0,0,0
0,0,0,0,0,0,0,0,0,0,0,18,0,0,0,0,0,0,11
0,0,106,0,0,0,0,0,0,0,0,0,0,0,0,0,0,0,2
0,12,0,0,0,0,0,0,0,0,0,0,0,0,0,0,0,0,1
0,0,0,1,0,0,0,0,12,0,0,0,0,0,0,0,0,0,8
0,0,1,2,0,0,0,0,11,0,0,0,0,0,0,0,0,0,8
0,3,1,0,0,0,0,0,0,0,0,0,0,0,0,0,0,0,1
0,0,7,0,0,0,0,1,0,0,0,0,0,0,0,0,0,0,2
0,0,1,0,0,0,0,0,0,0,0,0,0,0,0,0,0,0,1
0,0,118,0,0,0,0,0,0,0,0,0,0,0,0,0,0,0,2
0,0,0,0,0,0,0,0,0,0,0,6,0,0,0,0,0,0,11
0,29,4,0,0,0,0,0,0,0,0,0,0,0,0,0,0,0,1
0,0,0,0,0,0,0,6,0,0,0,0,0,0,0,0,0,0,7
0,0,52,0,0,0,0,0,0,0,0,0,0,0,0,0,0,0,2
3,0,0,0,0,0,0,0,0,0,0,0,0,0,0,0,0,0,0
0,1,0,0,0,0,0,0,0,0,0,0,0,0,0,0,0,0,1
0,0,72,0,0,0,0,0,0,0,0,0,0,0,0,0,0,0,2
0,1,0,0,0,0,0,0,0,14,0,0,0,0,0,0,0,0,9
0,5,1,0,0,0,0,0,0,0,0,0,0,0,0,0,0,0,1
0,0,1,0,0,0,0,0,0,0,0,0,29,0,0,0,0,0,12
0,52,2,0,0,0,0,0,0,0,0,0,0,0,0,0,0,0,1
0,0,11,0,0,0,0,0,0,0,0,0,0,0,0,0,0,0,2
0,0,30,0,0,0,0,0,0,0,0,0,0,0,0,0,0,0,2
0,17,0,0,0,0,0,0,0,0,0,0,0,0,0,0,0,0,1
16,0,0,0,0,0,0,0,0,0,0,0,0,0,0,0,0,0,0
19,0,0,0,0,0,0,0,0,0,0,0,0,0,0,0,0,0,0
0,0,11,0,0,0,0,0,0,0,0,0,1,0,0,0,0,0,2
0,0,6,0,0,0,0,0,0,0,0,0,0,0,0,0,0,0,2
0,0,1,0,0,0,0,0,0,0,0,0,0,0,0,0,0,0,2
0,0,0,103,0,0,0,0,0,0,0,0,0,0,0,0,0,0,3
0,0,0,0,0,0,0,1,0,0,0,0,0,0,0,0,0,0,7
0,10,0,0,0,0,0,0,0,0,0,0,0,0,0,0,0,0,1
0,0,0,0,0,0,0,0,0,0,1,0,0,0,0,0,0,0,10
0,0,0,0,0,0,0,0,0,0,0,12,0,0,0,0,0,0,11
0,26,1,0,0,0,0,0,0,0,0,0,0,0,0,0,0,0,1
22,0,0,0,0,0,0,0,0,0,0,0,0,0,0,0,0,0,0
0,0,1,0,0,0,0,0,0,0,0,0,0,0,2,0,0,0,14
0,0,155,0,0,0,0,0,0,0,0,0,0,0,0,0,0,0,2
0,0,2,0,0,0,0,0,0,0,0,0,47,0,0,0,0,0,12
0,0,0,1,0,0,0,0,0,0,0,0,0,0,0,0,0,0,8
0,0,0,1,0,0,0,0,15,0,0,0,0,0,0,0,0,1,8
0,0,1,0,0,0,0,0,0,0,0,0,32,0,0,0,0,0,12
0,1,3,0,11,0,0,0,0,0,0,0,0,0,0,0,0,0,4
0,24,0,0,0,0,0,0,0,0,0,0,0,0,0,0,0,0,1
0,0,2,0,0,0,0,0,0,0,0,0,0,0,0,0,0,0,2
4,0,0,0,0,0,0,0,0,0,0,0,0,0,0,0,0,0,0
0,7,0,0,0,0,0,0,0,0,0,0,0,0,0,0,0,0,1
0,0,4,0,0,0,0,0,0,0,0,0,0,0,0,0,0,0,2
1,0,1,3,0,0,0,0,34,0,0,0,0,0,0,0,0,0,8
0,0,0,1,0,0,0,0,8,0,0,0,0,0,0,0,0,0,8
0,0,0,1,0,0,0,0,1,0,0,0,0,0,0,0,0,0,8
0,0,3,0,0,0,0,0,0,0,0,0,0,0,0,0,0,0,2
0,0,0,0,0,0,0,0,0,0,0,6,0,0,0,0,0,0,11
0,0,0,0,0,0,0,0,0,0,0,19,0,0,0,0,0,0,11
0,0,0,0,0,0,0,0,0,0,0,12,0,0,0,0,0,0,11
0,0,0,1,0,0,0,0,0,0,0,0,0,0,0,0,4,0,16
0,0,1,0,0,0,0,0,0,0,0,0,47,0,0,0,0,0,12
0,0,2,0,0,0,0,0,0,0,0,0,0,0,0,0,0,0,2
0,0,0,0,0,0,0,0,0,0,0,3,0,0,0,0,0,0,11
4,0,0,0,0,0,0,0,0,0,0,0,0,0,0,0,0,0,0
5,0,0,0,0,0,0,0,0,0,0,0,0,0,0,0,0,0,0
0,0,7,0,0,0,0,0,0,0,0,0,0,0,0,0,0,0,2
0,0,2,0,0,0,0,0,0,0,0,0,0,0,0,0,0,0,2
0,0,0,0,0,0,0,2,0,0,0,0,0,0,0,0,0,0,7
0,0,0,17,0,0,0,0,0,0,0,0,0,0,0,0,0,0,3
0,2,1,0,0,0,0,0,0,0,0,0,0,0,0,0,0,0,1
0,0,0,2,0,0,0,0,25,0,0,0,0,0,0,0,0,0,8
0,0,0,0,0,0,0,9,0,0,0,0,0,0,0,0,0,0,7
0,0,67,0,0,0,0,0,0,0,0,0,0,0,0,0,0,0,2
0,0,0,0,0,0,0,8,0,0,0,0,0,0,0,0,0,0,7
0,0,2,0,0,0,0,0,0,0,0,0,29,0,0,0,0,0,12
0,0,0,0,0,0,0,3,0,0,0,0,0,0,0,0,0,0,7
1,0,1,4,0,0,0,0,44,0,0,0,0,0,0,0,0,0,8
0,0,0,0,0,0,0,0,0,0,0,3,0,0,0,0,0,0,11
0,0,27,0,0,0,0,0,0,0,0,0,0,0,0,0,0,0,2
0,0,0,49,0,0,0,0,0,0,0,0,0,0,0,0,0,0,3
0,28,3,0,0,0,0,0,0,0,0,0,0,0,0,0,0,0,1
0,0,18,0,0,0,0,0,0,0,0,0,0,0,0,0,0,0,2
0,0,16,0,0,0,0,0,0,0,0,0,0,0,0,0,0,0,2
0,0,0,82,0,0,0,0,0,0,0,0,0,0,0,0,0,0,3
0,0,0,1,0,0,0,0,20,0,0,0,0,0,0,0,0,0,8
0,0,4,0,0,0,0,0,0,0,0,0,0,0,0,0,0,0,2
0,0,2,0,0,0,0,0,0,0,0,0,0,0,0,0,0,0,2
0,0,0,0,0,0,0,0,0,0,0,2,0,0,0,0,0,0,11
0,0,48,0,0,0,0,0,0,0,0,0,0,0,0,0,0,0,2
0,0,2,0,0,0,0,0,0,0,0,0,10,0,0,0,0,0,12
0,0,0,2,0,0,0,0,2,0,0,0,0,0,0,0,7,0,16
0,0,1,0,0,0,0,0,0,0,0,0,34,0,0,0,0,0,12
0,0,7,0,0,0,0,0,0,0,0,0,0,0,0,0,0,0,2
0,0,0,0,0,0,0,5,0,0,0,0,0,0,0,0,0,0,7
0,0,0,0,0,0,0,0,0,0,0,7,0,0,0,0,0,0,11
0,0,1,5,0,0,0,0,118,0,0,0,0,0,0,0,0,0,8
0,0,110,0,0,0,0,0,0,0,0,0,0,0,0,0,0,0,2
0,0,0,103,0,0,0,0,0,0,0,0,0,0,0,0,0,0,3
0,0,0,0,0,0,0,0,0,0,0,4,0,0,0,0,0,0,11
0,0,0,0,0,0,0,0,0,0,3,0,0,0,0,0,0,0,10
0,0,0,0,0,0,0,3,0,0,0,0,0,0,0,0,0,0,7
0,0,2,0,0,0,0,0,0,0,0,0,0,0,0,0,0,0,2
0,19,1,0,0,0,0,0,0,0,0,0,0,0,0,0,0,0,1
3,0,0,0,0,0,0,0,0,0,0,0,0,0,0,0,0,0,0
0,0,0,12,0,0,0,0,0,0,0,0,0,0,0,0,0,0,3
0,0,0,1,0,0,0,0,1,0,0,0,0,0,0,0,0,0,8
0,1,1,0,0,0,0,0,0,0,0,0,0,0,0,0,0,0,1
0,0,1,0,0,0,0,0,0,0,0,0,1,10,0,0,0,0,13
0,0,0,0,0,0,0,5,0,0,0,0,0,0,0,0,0,0,7
0,0,1,3,0,0,0,0,27,0,0,0,0,0,0,0,0,0,8
0,0,0,0,0,0,0,9,0,0,0,0,0,0,0,0,0,0,7
0,0,1,0,0,0,0,0,0,0,0,0,0,6,0,0,0,0,13
0,0,0,133,0,0,0,0,0,0,0,0,0,0,0,0,0,0,3
0,0,0,1,0,0,0,0,11,0,0,0,0,0,0,0,0,0,8
0,0,0,0,0,0,0,6,0,0,0,0,0,0,0,0,0,0,7
6,0,0,0,0,0,0,0,0,0,0,0,0,0,0,0,0,0,0
0,3,1,0,0,0,0,0,0,0,0,0,0,0,0,0,0,0,1
0,0,0,7,0,0,0,0,41,0,0,0,0,0,0,0,0,0,8
0,3,1,0,0,0,0,0,0,0,0,0,0,0,0,0,0,0,1
0,1,14,0,0,0,0,0,0,0,0,0,0,0,0,0,0,0,2
0,0,17,0,0,0,0,0,0,0,0,0,0,0,0,0,0,0,2
0,0,5,0,0,0,0,0,0,0,0,0,0,0,0,0,0,0,2
0,0,127,0,0,0,0,0,0,0,0,0,0,0,0,0,0,0,2
0,13,1,0,0,0,0,0,0,0,0,0,0,0,0,0,0,0,1
3,0,0,0,0,0,0,0,0,0,0,0,0,0,0,0,0,0,0
0,0,1,5,0,0,0,0,33,0,0,0,0,0,0,0,0,0,8
0,0,0,0,0,0,0,2,0,0,0,0,0,0,0,0,0,0,7
0,0,0,0,0,0,0,11,0,0,0,0,0,0,0,0,0,0,7
0,0,1,0,0,0,0,0,0,0,0,0,24,0,0,0,0,0,12
0,12,2,0,0,0,0,0,0,0,0,0,0,0,0,0,0,0,1
0,0,0,1,0,0,0,0,0,0,0,0,0,0,0,0,0,0,8
0,0,1,0,0,0,0,0,0,0,0,0,0,0,0,0,0,0,2
0,0,1,1,0,0,0,0,13,0,0,0,0,0,0,0,0,0,8
0,0,8,0,0,0,0,0,0,0,0,0,1,0,0,0,0,0,2
0,0,0,0,0,0,0,2,0,0,0,0,0,0,0,0,0,0,7
0,0,0,0,0,0,0,0,0,0,0,2,0,0,0,0,0,0,11
0,0,15,0,0,0,0,0,0,0,0,0,0,1,0,0,0,0,2
1,0,1,3,0,0,0,0,41,0,0,0,0,0,0,0,0,0,8
0,0,0,1,0,0,0,0,0,0,0,0,0,0,0,0,0,5,17
0,17,0,0,0,0,0,0,0,0,0,0,0,0,0,0,0,0,1
6,0,0,0,0,0,0,0,0,0,0,0,0,0,0,0,0,0,0
0,0,1,0,0,0,0,0,0,0,0,0,2,0,0,0,0,0,12
0,0,3,0,0,0,0,0,0,0,0,0,0,0,0,0,0,0,2
0,0,0,0,0,0,0,6,0,0,0,0,0,0,0,0,0,0,7
0,0,0,5,0,0,0,0,0,0,0,0,0,0,0,0,0,0,3
0,1,1,0,0,0,0,0,0,0,0,0,0,0,0,0,0,0,1
0,0,0,1,0,0,0,0,1,0,0,0,0,0,0,0,0,5,17
0,30,1,0,0,0,0,0,0,0,0,0,0,0,0,0,0,0,1
0,0,0,1,0,0,0,0,0,0,0,0,0,0,0,0,0,0,3
0,0,0,0,0,0,0,0,0,0,0,20,0,0,0,0,0,0,11
0,0,1,0,10,0,0,0,0,0,0,0,0,0,0,0,0,0,4
0,0,0,0,0,0,0,0,0,0,0,1,0,0,0,0,0,0,11
0,17,1,0,0,0,0,0,0,0,0,0,0,0,0,0,0,0,1
0,0,1,0,0,0,0,0,0,0,0,0,0,7,0,0,0,0,13
0,0,0,1,0,0,0,0,4,0,0,0,0,0,0,0,0,0,8
1,0,1,3,0,0,0,0,25,0,0,0,0,0,0,0,0,0,8
0,1,1,0,0,0,0,0,0,0,0,0,0,0,0,0,0,0,1
0,0,56,0,0,0,0,0,0,0,0,0,0,0,0,0,0,0,2
0,54,0,0,0,0,0,0,0,0,0,0,0,0,0,0,0,0,1
0,0,0,0,0,0,0,22,0,0,0,0,0,0,0,0,0,0,7
0,2,1,0,0,0,0,0,0,0,0,0,0,0,0,0,0,0,1
0,0,1,0,0,0,0,0,0,0,0,0,20,0,0,0,0,0,12
1,0,0,2,0,0,0,0,25,0,0,0,0,0,0,0,0,0,8
0,0,0,9,0,0,0,0,0,0,0,0,0,0,0,0,0,0,3
1,0,0,0,0,0,0,0,0,0,0,0,0,0,0,0,0,0,0
0,0,58,0,0,0,0,0,0,0,0,0,0,0,0,0,0,0,2
1,0,1,4,0,0,0,0,66,0,0,0,0,0,0,0,0,0,8
0,6,4,0,0,0,0,0,0,0,0,0,0,0,0,0,0,0,1
12,0,0,0,0,0,0,0,0,0,0,0,0,0,0,0,0,0,0
0,0,0,0,0,0,0,0,0,0,0,3,0,0,0,0,0,0,11
0,22,2,0,0,0,0,0,0,0,0,0,0,0,0,0,0,0,1
0,0,0,1,0,0,0,0,0,0,0,0,0,0,0,0,0,0,3
0,0,22,0,0,0,0,0,0,0,0,0,0,0,0,0,0,0,2
0,0,0,71,0,0,0,0,0,0,0,0,0,0,0,0,0,0,3
0,0,1,0,0,0,0,0,0,0,0,0,0,0,0,0,0,0,2
0,0,1,0,9,0,0,0,0,0,0,0,0,0,0,0,0,0,4
0,6,0,0,0,0,0,0,0,0,0,0,0,0,0,0,0,0,1
0,0,0,0,0,0,0,0,0,0,0,45,0,0,0,0,0,0,11
0,1,1,0,0,0,0,0,0,0,0,0,0,0,0,0,0,0,1
0,0,0,1,0,0,0,0,2,0,0,0,0,0,0,0,0,0,8
0,0,0,11,0,0,0,0,0,0,0,0,0,0,0,0,0,0,3
0,0,0,0,0,0,0,11,0,0,0,0,0,0,0,0,0,0,7
0,3,0,0,0,0,0,0,0,0,0,0,0,0,0,0,0,0,1
1,0,1,3,0,0,0,0,62,0,0,0,0,0,0,0,0,0,8
0,0,0,68,0,0,0,0,0,0,0,0,0,0,0,0,0,0,3
0,34,1,0,0,0,0,0,0,0,0,0,0,0,0,0,0,0,1
0,0,0,1,0,0,0,0,16,0,0,0,0,0,0,0,0,0,8
0,0,0,0,0,0,0,0,0,0,0,6,0,0,0,0,0,0,11
0,0,8,0,0,0,0,0,0,0,0,0,0,0,0,0,0,0,2
27,0,0,0,0,0,0,0,0,0,0,0,0,0,0,0,0,0,0
0,0,76,0,0,0,0,0,0,0,0,0,0,0,0,0,0,0,2
0,0,1,0,0,0,0,0,0,0,0,0,0,0,0,0,0,0,1
0,0,7,0,0,0,0,0,0,0,0,0,0,0,0,0,0,0,2
0,0,0,1,0,0,0,0,23,0,0,0,0,0,0,0,0,0,8
0,0,0,2,0,0,0,0,11,0,0,0,0,0,0,0,0,0,8
0,0,1,0,0,0,0,0,0,0,0,0,23,0,0,0,0,0,12
0,0,4,0,0,0,0,0,0,0,0,0,0,0,0,0,0,0,2
0,0,0,0,0,0,0,0,0,0,0,6,0,0,0,0,0,0,11
0,0,0,0,0,0,0,1,0,0,0,0,0,0,0,0,0,0,7
0,0,0,1,0,0,0,0,26,0,0,0,0,0,0,0,0,0,8
0,0,45,0,0,0,0,0,0,0,0,0,0,0,0,0,0,0,2
0,0,0,6,0,0,0,0,0,0,0,0,0,0,0,0,0,0,3
0,0,0,2,0,0,0,0,28,0,0,0,0,0,0,0,0,0,8
0,0,1,0,0,0,0,0,0,0,0,0,51,0,0,0,0,0,12
0,0,6,0,0,0,0,0,0,0,0,0,0,0,0,0,0,0,2
0,0,61,0,0,0,0,0,0,0,0,0,0,0,0,0,0,0,2
0,0,0,0,0,0,0,16,0,0,0,0,0,0,0,0,0,0,7
0,0,7,0,0,0,0,0,0,0,0,0,0,0,0,0,0,0,2
0,0,1,0,0,0,0,0,0,0,0,0,0,0,0,0,0,0,1
0,0,2,0,0,0,0,0,0,0,0,0,0,0,0,0,0,0,2
0,7,1,0,0,0,0,0,0,0,0,0,0,0,0,0,0,0,1
0,0,0,1,0,0,0,0,11,0,0,0,0,0,0,0,0,0,8
2,0,0,0,0,0,0,0,0,0,0,0,0,0,0,0,0,0,0
0,0,13,0,0,0,0,0,0,0,0,0,33,0,0,0,0,0,2
0,0,0,1,0,0,0,0,0,0,0,0,0,0,0,0,0,0,8
0,0,1,0,0,0,0,0,0,0,0,0,0,0,0,0,0,0,2
0,0,0,0,0,0,0,77,0,0,0,0,0,0,0,0,0,0,7
0,7,0,0,0,0,0,0,0,0,0,0,0,0,0,0,0,0,1
0,30,0,0,0,0,0,0,0,0,0,0,0,0,0,0,0,0,1
0,11,124,0,0,0,0,0,0,0,0,0,0,0,0,0,0,0,2
11,0,0,0,0,0,0,0,0,0,0,0,0,0,0,0,0,0,0
0,0,4,0,0,0,0,0,0,0,0,0,0,0,0,0,0,0,2
0,0,1,0,0,0,0,0,0,0,0,0,65,0,0,0,0,0,12
0,0,0,0,0,0,0,2,0,0,0,0,0,0,0,0,0,0,7
0,0,53,0,0,0,0,0,0,0,0,0,0,0,0,0,0,0,2
0,0,0,0,0,0,0,3,0,0,0,0,0,0,0,0,0,0,7
0,0,0,0,0,0,0,1,0,0,0,0,0,0,0,0,0,0,7
0,0,0,1,0,0,0,0,0,0,0,0,0,0,0,0,3,0,16
0,0,0,0,0,0,0,19,0,0,0,0,0,0,0,0,0,0,7
0,0,23,0,0,0,0,0,0,0,0,0,0,0,0,0,0,0,2
0,4,1,0,0,0,0,0,0,0,0,0,0,0,0,0,0,0,1
0,0,2,0,0,0,0,0,0,0,0,0,0,0,0,0,0,0,2
0,0,26,0,0,0,0,0,0,0,0,0,0,0,0,0,0,0,2
0,0,0,0,0,0,0,8,0,0,0,0,0,0,0,0,0,0,7
0,0,1,0,0,0,0,0,0,0,0,0,13,0,0,0,0,0,12
0,0,0,0,0,0,0,50,0,0,0,0,0,0,0,0,0,0,7
0,0,1,0,0,0,0,0,0,0,0,0,0,0,0,1,0,0,15
0,1,90,0,0,0,0,0,0,0,0,0,0,0,0,0,0,0,2
0,0,85,0,0,0,0,0,0,0,0,0,0,0,0,0,0,0,2
9,0,0,0,0,0,0,0,0,0,0,0,0,0,0,0,0,0,0
0,0,0,0,0,0,0,10,0,0,0,0,0,0,0,0,0,0,7
0,0,71,0,0,0,0,0,0,0,0,0,0,0,0,0,0,0,2
0,0,1,0,0,0,0,0,0,0,0,0,15,0,0,0,0,0,12
1,0,0,0,0,0,0,0,0,0,0,0,0,0,0,0,0,0,0
0,0,0,2,0,0,0,0,3,0,0,0,0,0,0,0,0,0,8
0,0,0,2,0,0,0,0,45,0,0,0,0,0,0,0,0,0,8
0,11,0,0,0,0,0,0,0,0,0,0,0,0,0,0,0,0,1
0,0,0,2,0,0,0,0,17,0,0,0,0,0,0,0,3,0,8
0,0,0,0,0,0,0,0,0,0,0,4,0,0,0,0,0,0,11
0,0,0,1,0,0,0,0,0,0,0,0,0,0,0,0,0,0,8
0,0,1,0,0,0,0,0,0,0,0,0,4,0,0,0,0,0,12
0,0,4,0,0,0,0,0,0,0,0,0,0,0,0,0,0,0,2
0,5,1,0,0,0,0,0,0,0,0,0,0,0,0,0,0,0,1
0,0,0,0,0,0,0,0,0,0,3,0,0,0,0,0,0,0,10
0,1,1,0,0,0,0,0,0,0,0,0,0,0,0,0,0,0,1
0,18,3,0,0,0,0,0,0,0,0,0,0,0,0,0,0,0,1
0,12,2,0,0,0,0,0,0,0,0,0,0,0,0,0,0,0,1
0,0,39,0,0,0,0,0,0,0,0,0,0,0,0,0,0,0,2
0,0,0,0,0,0,0,4,0,0,0,0,0,0,0,0,0,0,7
0,1,0,0,0,0,0,0,0,0,0,0,0,0,0,0,0,0,1
0,0,0,0,0,0,0,9,0,0,0,0,0,0,0,0,0,0,7
0,0,0,150,0,0,0,0,2,0,0,0,0,0,0,0,2,0,3
0,0,0,0,0,0,0,11,0,0,0,0,0,0,0,0,0,0,7
0,0,0,114,0,0,0,0,0,0,0,0,0,0,0,0,0,0,3
0,0,2,0,0,0,0,0,0,0,0,0,0,4,0,0,0,0,13
0,16,1,0,0,0,0,0,0,0,0,0,0,0,0,0,0,0,1
0,0,0,1,0,0,0,0,23,0,0,0,0,0,0,0,0,0,8
7,0,0,0,0,0,0,0,0,0,0,0,0,0,0,0,0,0,0
1,0,0,0,0,0,0,0,0,0,0,0,0,0,0,0,0,0,0
0,0,17,0,0,0,0,1,0,0,0,0,0,0,0,0,0,0,2
17,0,0,0,0,0,0,0,0,0,0,0,0,0,0,0,0,0,0
0,0,32,0,0,0,0,0,0,0,0,0,0,0,0,0,0,0,2
0,0,39,0,0,0,0,0,0,0,0,0,0,0,0,0,0,0,2
0,0,0,0,0,0,0,0,0,0,1,0,0,0,0,0,0,0,10
0,0,0,1,0,0,0,0,1,0,0,0,0,0,0,0,0,0,8
0,0,0,0,0,0,0,0,0,0,0,10,0,0,0,0,0,0,11
0,28,1,0,0,0,0,0,0,0,0,0,0,0,0,0,0,0,1
0,0,0,0,0,0,0,6,0,0,0,0,0,0,0,0,0,0,7
0,0,1,0,0,0,0,0,0,0,0,0,0,0,0,0,0,0,12
0,11,1,0,0,0,0,0,0,0,0,0,0,0,0,0,0,0,1
0,5,0,0,0,0,0,0,0,0,0,0,0,0,0,0,0,0,1
0,0,1,0,0,0,0,0,0,0,0,0,0,0,0,0,0,0,13
0,0,1,0,0,0,0,0,0,0,0,0,0,0,0,4,0,0,15
0,0,1,0,0,0,0,0,0,0,0,0,27,0,0,0,0,0,12
0,0,1,0,0,0,0,0,0,0,0,0,3,0,0,0,0,0,12
0,27,0,0,0,0,0,1,0,0,0,0,0,0,0,0,0,0,1
0,0,1,0,0,0,0,0,0,0,0,0,5,0,0,0,0,0,12
0,6,0,0,0,0,0,0,0,0,0,0,0,0,0,0,0,0,1
1,0,0,5,0,0,0,0,57,0,0,0,0,0,0,0,0,0,8
0,1,87,0,0,0,0,0,0,0,0,0,0,0,0,0,0,0,2
0,0,7,0,0,0,0,0,0,0,0,0,0,0,0,0,0,0,2
0,0,0,1,0,0,0,0,18,0,0,0,0,0,0,0,0,0,8
0,0,1,0,0,0,0,0,0,0,0,0,15,0,0,0,0,0,12
0,0,1,0,0,0,0,0,0,0,0,0,16,0,0,0,0,0,12
0,0,1,0,0,0,0,0,0,0,0,0,37,0,0,0,0,0,12
0,0,6,0,0,0,0,0,0,0,0,0,0,0,0,0,0,0,2
8,0,0,0,0,0,0,0,0,0,0,0,0,0,0,0,0,0,0
0,2,0,0,0,0,0,0,0,0,0,0,0,0,0,0,0,0,1
0,0,1,0,0,0,0,0,0,0,0,0,3,0,0,0,0,0,12
0,0,28,0,0,0,0,0,0,0,0,0,0,0,0,0,0,0,2
0,0,1,0,0,0,0,0,0,0,0,0,0,0,0,0,0,0,14
0,0,0,0,0,0,0,0,0,0,1,0,0,0,0,0,0,0,10
0,0,2,0,0,0,0,0,0,0,0,0,47,0,0,0,0,0,12
0,23,0,0,0,0,0,0,0,0,0,0,0,0,0,0,0,0,1
0,1,0,0,0,0,0,0,0,20,0,0,0,0,0,0,0,0,9
0,0,1,0,0,0,0,0,0,0,0,0,0,2,0,0,0,0,13
0,0,10,0,0,0,0,0,0,0,0,0,0,0,0,0,0,0,2
0,0,1,0,0,0,0,0,0,0,0,0,0,0,3,0,0,0,14
0,0,0,1,0,0,0,0,5,0,0,0,0,0,0,0,0,0,8
0,0,0,0,0,0,0,0,0,0,0,5,0,0,0,0,0,0,11
0,15,2,0,0,0,0,0,0,0,0,0,0,0,0,0,0,0,1
0,7,0,0,0,0,0,0,0,0,0,0,0,0,0,0,0,0,1
0,0,0,0,0,0,0,10,0,0,0,0,0,0,0,0,0,0,7
0,0,0,0,0,0,0,6,0,0,0,0,0,0,0,0,0,0,7
0,0,0,1,0,0,0,0,7,0,0,0,0,0,0,0,0,0,8
0,0,2,0,0,0,0,0,0,0,0,0,0,0,0,0,0,0,2
0,2,0,0,0,0,0,0,0,10,0,0,0,0,0,0,0,0,9
0,0,0,0,0,0,0,13,0,0,0,0,0,0,0,0,0,0,7
0,10,0,0,0,0,0,0,0,0,0,0,0,0,0,0,0,0,1
0,0,0,0,0,0,0,2,0,0,0,0,0,0,0,0,0,0,7
0,0,36,0,0,0,0,0,0,0,0,0,0,0,0,0,0,0,2
0,0,0,0,0,0,0,6,0,0,0,0,0,0,0,0,0,0,7
0,0,0,98,0,0,0,0,3,0,0,0,0,0,0,0,0,0,3
0,0,54,0,0,0,0,0,0,0,0,0,0,0,0,0,0,0,2
0,0,9,0,0,0,0,0,0,0,0,0,0,0,0,0,0,0,2
0,0,0,0,0,0,0,0,0,0,3,0,0,0,0,0,0,0,10
0,0,0,0,0,0,0,45,0,0,0,0,0,0,0,0,0,0,7
0,0,6,0,0,0,0,0,0,0,0,0,0,0,0,0,0,0,2
0,0,3,0,0,0,0,0,0,0,0,0,0,0,0,0,0,0,2
0,16,0,0,0,0,0,0,0,0,0,0,0,0,0,0,0,0,1
0,3,0,0,0,0,0,0,0,0,0,0,0,0,0,0,0,0,1
0,0,2,0,0,0,0,0,0,0,0,0,0,0,0,0,0,0,2
0,0,2,0,0,0,0,0,0,0,0,0,34,0,0,0,0,0,12
0,8,1,0,0,0,0,0,0,0,0,0,0,0,0,0,0,0,1
0,0,1,0,0,0,0,1,0,0,0,0,0,0,0,0,0,0,7
0,0,0,1,0,0,0,0,11,0,0,0,0,0,0,0,0,0,8
0,15,1,0,0,0,0,0,0,0,0,0,0,0,0,0,0,0,1
22,0,0,0,0,0,0,0,0,0,0,0,0,0,0,0,0,0,0
0,0,0,0,0,0,0,1,0,0,0,0,0,0,0,0,0,0,7
0,0,0,0,0,0,0,4,0,0,0,0,0,0,0,0,0,0,7
0,0,8,0,0,0,0,0,0,0,0,0,0,0,0,0,0,0,2
2,0,0,0,0,0,0,0,0,0,0,0,0,0,0,0,0,0,0
1,0,0,2,0,0,0,0,28,0,0,0,0,0,0,0,0,0,8
0,0,1,0,0,0,0,0,0,0,0,0,40,0,0,0,0,0,12
0,0,0,0,0,0,0,0,0,0,0,20,0,0,0,0,0,0,11
0,0,0,7,0,0,0,0,0,0,0,0,0,0,0,0,0,0,3
0,0,2,0,0,0,0,0,0,0,0,0,11,0,0,0,0,0,12
0,35,1,0,0,0,0,0,0,0,0,0,0,0,0,0,0,0,1
0,0,18,0,0,0,0,0,0,0,0,0,0,0,0,0,0,0,2
0,0,0,1,0,0,0,0,3,0,0,0,0,0,0,0,0,0,8
0,0,6,0,0,0,0,0,0,0,0,0,0,0,0,0,0,0,2
0,0,7,0,0,0,0,0,0,0,0,0,0,0,0,0,0,0,2
0,34,1,0,0,0,0,0,0,0,0,0,0,0,0,0,0,0,1
0,0,124,0,0,0,0,0,0,0,0,0,0,0,0,0,0,0,2
0,0,2,0,0,0,0,0,0,0,0,0,0,0,0,0,0,0,2
0,0,85,0,0,0,0,0,0,0,0,0,0,0,0,0,0,0,2
0,0,0,0,0,0,0,2,0,0,0,0,0,0,0,0,0,0,7
0,0,0,0,0,0,0,0,0,0,0,23,0,0,0,0,0,0,11
0,0,5,0,0,0,0,0,0,0,0,0,0,0,0,0,0,0,2
2,0,0,0,0,0,0,0,0,0,0,0,0,0,0,0,0,0,0
0,0,10,0,0,0,0,0,0,0,0,0,0,1,0,0,0,0,2
1,0,0,1,0,0,0,0,28,0,0,0,0,0,0,0,0,0,8
0,11,0,0,0,0,0,0,0,0,0,0,0,0,0,0,0,0,1
0,0,10,0,0,0,0,0,0,0,0,0,0,0,0,0,0,0,2
0,3,1,0,0,0,0,0,0,0,0,0,0,0,0,0,0,0,1
0,23,12,0,0,0,0,0,0,0,0,0,0,0,0,0,0,0,1
0,0,91,0,0,0,0,0,0,0,0,0,0,0,0,0,0,0,2
0,0,0,0,0,0,0,6,0,0,0,0,0,0,0,0,0,0,7
0,0,40,0,0,0,0,0,0,0,0,0,0,0,0,0,0,0,2
0,0,0,76,0,0,0,0,1,0,0,0,0,0,0,0,0,0,3
0,0,0,0,0,0,0,0,0,0,0,14,0,0,0,0,0,0,11
0,0,1,0,0,0,0,0,0,0,0,0,0,0,0,0,0,0,2
0,20,1,0,0,0,0,0,0,0,0,0,0,0,0,0,0,0,1
0,0,1,0,0,0,0,0,0,0,0,0,4,0,0,0,0,0,12
0,3,0,0,0,0,0,0,0,0,0,0,0,0,0,0,0,0,1
0,0,0,0,0,0,0,15,0,0,0,0,0,0,0,0,0,0,7
0,0,21,0,0,0,0,0,0,0,0,0,0,0,0,0,0,0,2
0,0,13,0,0,0,0,0,0,0,0,0,0,0,0,0,0,0,2
0,46,0,0,0,0,0,0,0,0,0,0,0,0,0,0,0,0,1
0,0,0,0,0,0,0,2,0,0,0,0,0,0,0,0,0,0,7
0,12,0,0,0,0,0,0,0,0,0,0,0,0,0,0,0,0,1
0,0,1,0,0,0,0,0,0,0,0,0,0,0,0,0,0,0,2
0,0,7,0,0,0,0,0,0,0,0,0,0,0,0,0,0,0,2
0,0,0,4,0,0,0,0,27,0,0,0,0,0,0,0,0,0,8
0,37,3,0,0,0,0,0,0,0,0,0,0,0,0,0,0,0,1
0,0,14,0,0,0,0,0,0,0,0,0,0,0,0,0,0,0,2
0,0,18,0,0,0,0,0,0,0,0,0,1,0,0,0,0,0,2
0,0,49,0,0,0,0,0,0,0,0,0,0,0,0,0,0,0,2
0,0,0,0,0,0,0,0,0,0,3,0,0,0,0,0,0,0,10
7,0,0,0,0,0,0,0,0,0,0,0,0,0,0,0,0,0,0
0,0,1,0,0,0,0,0,0,0,0,0,0,0,4,0,0,0,14
0,0,23,0,0,0,0,0,0,0,0,0,0,0,0,0,0,0,2
0,0,5,0,0,0,0,0,0,0,0,0,0,0,0,0,0,0,2
0,0,12,0,0,0,0,1,0,0,0,0,0,0,0,0,0,0,2
0,0,0,0,0,0,0,4,0,0,0,0,0,0,0,0,0,0,7
1,0,1,2,0,0,0,0,79,0,0,0,0,0,0,0,0,0,8
4,0,0,0,0,0,0,0,0,0,0,0,0,0,0,0,0,0,0
0,0,1,3,0,0,0,0,36,0,0,0,0,0,0,0,0,0,8
0,0,1,0,0,0,0,0,0,0,0,0,0,9,0,0,0,0,13
0,0,32,0,0,0,0,0,0,0,0,0,0,0,0,0,0,0,2
0,0,0,0,0,0,0,9,0,0,0,0,0,0,0,0,0,0,7
0,1,1,0,0,0,0,0,0,0,0,0,0,0,0,0,0,0,1
0,0,0,0,0,0,0,10,0,0,0,0,0,0,0,0,0,0,7
0,0,10,0,0,0,0,0,0,0,0,0,0,0,0,0,0,0,2
0,21,1,0,0,0,0,0,0,0,0,0,0,0,0,0,0,0,1
0,0,35,0,0,0,0,0,0,0,0,0,0,0,0,0,0,0,2
2,0,0,0,0,0,0,0,0,0,0,0,0,0,0,0,0,0,0
0,0,0,0,0,0,0,0,0,0,0,1,0,0,0,0,0,0,11
0,0,0,0,0,0,0,12,0,0,0,0,0,0,0,0,0,0,7
0,0,0,0,0,0,0,11,0,0,0,0,0,0,0,0,0,0,7
0,0,0,0,0,0,0,5,0,0,0,0,0,0,0,0,0,0,7
0,0,0,58,0,0,0,0,0,0,0,0,0,0,0,0,0,0,3
4,0,0,0,0,0,0,0,0,0,0,0,0,0,0,0,0,0,0
0,0,0,0,0,0,0,0,0,0,0,1,0,0,0,0,0,0,11
0,1,1,0,1,0,0,0,0,0,0,0,0,0,0,0,0,0,4
0,0,4,0,0,0,0,0,0,0,0,0,0,0,0,0,0,0,2
0,0,35,0,0,0,0,0,0,0,0,0,0,0,0,0,0,0,2
0,0,19,0,0,0,0,0,0,0,0,0,0,0,0,0,0,0,2
0,0,2,0,0,0,0,0,0,0,0,0,0,0,0,0,0,0,2
0,0,14,0,0,0,0,0,0,0,0,0,0,0,0,0,0,0,2
0,0,0,0,0,0,0,3,0,0,0,0,0,0,0,0,0,0,7
2,0,0,0,0,0,0,0,0,0,0,0,0,0,0,0,0,0,0
0,0,0,1,0,0,0,0,7,0,0,0,0,0,0,0,0,0,8
0,0,9,0,0,0,0,0,0,0,0,0,0,0,0,0,0,0,2
0,0,16,0,0,0,0,0,0,0,0,0,0,0,0,0,0,0,2
0,0,1,0,0,0,0,0,0,0,0,0,0,2,0,0,0,0,13
0,0,1,0,0,0,0,0,0,0,0,0,0,0,0,0,0,0,1
0,0,1,0,0,0,0,0,0,0,0,0,9,0,0,0,0,0,12
1,0,0,2,0,0,0,0,17,0,0,0,0,0,0,0,0,0,8
0,0,0,168,0,0,0,0,0,0,0,0,0,0,0,0,0,0,3
0,4,0,0,0,0,0,0,0,0,0,0,0,0,0,0,0,0,1
0,1,0,0,0,0,0,0,0,0,0,0,0,0,0,0,0,0,1
0,0,56,0,0,0,0,0,0,0,0,0,0,0,0,0,0,0,2
0,0,0,99,0,0,0,0,0,0,0,0,0,0,0,0,0,0,3
0,13,1,0,0,0,0,0,0,0,0,0,0,0,0,0,0,0,1
0,0,0,1,0,0,0,0,6,0,0,0,0,0,0,0,0,0,8
0,0,0,104,0,0,0,0,73,0,0,0,0,0,0,0,0,0,3
0,0,0,0,0,0,0,2,0,0,0,0,0,0,0,0,0,0,7
0,0,83,0,0,0,0,0,0,0,0,0,0,0,0,0,0,0,2
0,0,0,1,0,0,0,0,1,0,0,0,0,0,0,0,0,0,8
0,0,0,122,0,0,0,0,1,0,0,0,0,0,0,0,0,0,3
0,0,42,0,0,0,0,0,0,0,0,0,0,0,0,0,0,0,2
